374,1
1881,1
383,1
752,1
3360,1
1825,1
2307,1
3156,1
5414,1
567,1
141,1
2744,1
3173,1
610,1
668,1
711,1
920,1
1712,1
1761,1
1770,1
1907,1
2105,1
3255,1
2014,1
2357,1
3300,1
6928,1
147,1
256,1
1040,1
2581,1
2629,1
2652,1
2848,1
3006,1
3053,1
3101,1
3148,1
3297,1
505,1
313,1
322,1
390,1
745,1
18,1
38,1
56,1
91,1
106,1
223,1
368,1
535,1
792,1
1024,1
1396,1
1629,1
1657,1
2175,1
2349,1
2625,1
2658,1
2992,1
3240,1
3250,1
3298,1
3303,1
3333,1
3343,1
3381,1
275,1
278,1
2555,1
4865,1
4950,1
4950,1
4950,1
5120,1
5327,1
4950,1
5514,1
4950,1
4950,1
4950,1
1598,1
1766,1
2047,1
2327,1
265,1
379,1
424,1
582,1
838,1
866,1
880,1
889,1
891,1
911,1
922,1
926,1
936,1
937,1
951,1
997,1
1010,1
1021,1
1033,1
1061,1
1066,1
1084,1
1096,1
1129,1
1167,1
1229,1
1235,1
1259,1
1265,1
1272,1
1289,1
1311,1
1346,1
1383,1
1409,1
1420,1
1434,1
1451,1
1512,1
1522,1
1549,1
1555,1
1589,1
1601,1
1615,1
1631,1
1646,1
1658,1
1681,1
1695,1
1724,1
1728,1
1743,1
1773,1
1797,1
1833,1
1850,1
1867,1
1893,1
1917,1
1945,1
1962,1
1974,1
1980,1
1992,1
2005,1
2031,1
2034,1
2059,1
2074,1
2094,1
2107,1
2153,1
2224,1
2261,1
2283,1
2292,1
2297,1
2310,1
2333,1
2336,1
2344,1
2354,1
2386,1
2405,1
2435,1
2449,1
2502,1
2517,1
2530,1
2571,1
2579,1
2599,1
2609,1
2634,1
2649,1
2660,1
2691,1
2711,1
2736,1
2745,1
2750,1
2792,1
2808,1
2818,1
2825,1
2849,1
2856,1
2973,1
2997,1
3023,1
3144,1
3311,1
3335,1
3,1
8,1
9,1
10,1
15,1
16,1
19,1
20,1
29,1
45,1
49,1
50,1
55,1
59,1
69,1
74,1
75,1
77,1
78,1
81,1
83,1
87,1
89,1
92,1
93,1
95,1
96,1
100,1
112,1
113,1
115,1
119,1
120,1
121,1
125,1
130,1
131,1
137,1
151,1
165,1
189,1
198,1
204,1
205,1
211,1
212,1
213,1
219,1
229,1
235,1
253,1
261,1
262,1
274,1
279,1
283,1
291,1
294,1
295,1
298,1
299,1
304,1
307,1
310,1
312,1
321,1
327,1
331,1
340,1
341,1
342,1
343,1
347,1
349,1
350,1
357,1
358,1
361,1
362,1
363,1
364,1
366,1
367,1
371,1
377,1
378,1
384,1
385,1
391,1
395,1
398,1
399,1
402,1
403,1
406,1
407,1
408,1
412,1
420,1
421,1
423,1
428,1
430,1
435,1
436,1
442,1
445,1
448,1
451,1
452,1
453,1
458,1
459,1
461,1
463,1
466,1
467,1
469,1
472,1
473,1
474,1
475,1
480,1
487,1
490,1
491,1
492,1
499,1
501,1
502,1
504,1
506,1
507,1
517,1
522,1
527,1
529,1
532,1
536,1
537,1
538,1
539,1
544,1
550,1
551,1
553,1
557,1
558,1
562,1
563,1
564,1
568,1
573,1
576,1
581,1
585,1
592,1
594,1
596,1
598,1
599,1
601,1
602,1
605,1
607,1
609,1
612,1
615,1
617,1
618,1
619,1
621,1
626,1
629,1
630,1
632,1
637,1
639,1
644,1
646,1
649,1
651,1
652,1
654,1
659,1
660,1
662,1
663,1
666,1
669,1
673,1
678,1
680,1
684,1
686,1
687,1
691,1
695,1
696,1
698,1
699,1
700,1
703,1
706,1
708,1
709,1
712,1
713,1
716,1
722,1
725,1
727,1
728,1
732,1
733,1
735,1
739,1
741,1
742,1
743,1
747,1
748,1
749,1
750,1
756,1
759,1
760,1
762,1
766,1
768,1
772,1
773,1
775,1
776,1
777,1
783,1
786,1
788,1
789,1
790,1
793,1
796,1
801,1
803,1
805,1
809,1
811,1
813,1
814,1
815,1
817,1
820,1
827,1
828,1
829,1
833,1
834,1
837,1
839,1
840,1
842,1
845,1
846,1
852,1
855,1
864,1
865,1
867,1
868,1
870,1
871,1
874,1
875,1
877,1
882,1
884,1
887,1
888,1
892,1
895,1
897,1
902,1
903,1
906,1
909,1
910,1
912,1
914,1
915,1
917,1
921,1
923,1
927,1
933,1
934,1
941,1
942,1
943,1
946,1
948,1
954,1
955,1
956,1
958,1
959,1
963,1
966,1
968,1
971,1
977,1
980,1
981,1
982,1
984,1
985,1
986,1
987,1
989,1
992,1
994,1
1002,1
1006,1
1007,1
1011,1
1012,1
1013,1
1014,1
1015,1
1017,1
1023,1
1027,1
1028,1
1031,1
1034,1
1035,1
1036,1
1038,1
1042,1
1044,1
1045,1
1048,1
1049,1
1050,1
1051,1
1055,1
1057,1
1064,1
1067,1
1070,1
1072,1
1073,1
1075,1
1082,1
1086,1
1089,1
1090,1
1093,1
1094,1
1097,1
1100,1
1101,1
1105,1
1108,1
1111,1
1113,1
1115,1
1116,1
1117,1
1122,1
1124,1
1127,1
1130,1
1132,1
1134,1
1135,1
1136,1
1139,1
1143,1
1144,1
1147,1
1150,1
1151,1
1152,1
1155,1
1157,1
1158,1
1164,1
1168,1
1171,1
1172,1
1173,1
1174,1
1177,1
1180,1
1181,1
1183,1
1187,1
1196,1
1199,1
1201,1
1204,1
1214,1
1215,1
1216,1
1217,1
1220,1
1227,1
1230,1
1231,1
1234,1
1238,1
1240,1
1244,1
1245,1
1246,1
1250,1
1251,1
1252,1
1256,1
1257,1
1266,1
1270,1
1271,1
1274,1
1278,1
1282,1
1287,1
1288,1
1295,1
1297,1
1299,1
1300,1
1301,1
1307,1
1309,1
1310,1
1312,1
1313,1
1321,1
1324,1
1330,1
1332,1
1333,1
1338,1
1339,1
1340,1
1341,1
1342,1
1343,1
1344,1
1349,1
1351,1
1352,1
1354,1
1356,1
1359,1
1360,1
1370,1
1375,1
1376,1
1377,1
1378,1
1379,1
1382,1
1388,1
1394,1
1398,1
1401,1
1402,1
1403,1
1405,1
1407,1
1408,1
1410,1
1413,1
1423,1
1424,1
1425,1
1426,1
1428,1
1432,1
1433,1
1436,1
1445,1
1447,1
1449,1
1453,1
1456,1
1457,1
1459,1
1460,1
1464,1
1465,1
1468,1
1470,1
1473,1
1474,1
1475,1
1479,1
1480,1
1482,1
1484,1
1487,1
1488,1
1489,1
1491,1
1493,1
1495,1
1499,1
1504,1
1505,1
1506,1
1507,1
1509,1
1511,1
1516,1
1523,1
1524,1
1525,1
1528,1
1535,1
1539,1
1551,1
1557,1
1559,1
1567,1
1569,1
1571,1
1573,1
1574,1
1576,1
1577,1
1578,1
1579,1
1580,1
1581,1
1583,1
1584,1
1585,1
1586,1
1587,1
1590,1
1595,1
1597,1
1600,1
1606,1
1609,1
1612,1
1614,1
1616,1
1617,1
1622,1
1626,1
1632,1
1633,1
1634,1
1637,1
1638,1
1643,1
1644,1
1648,1
1649,1
1650,1
1651,1
1652,1
1659,1
1660,1
1661,1
1662,1
1664,1
1666,1
1671,1
1673,1
1674,1
1676,1
1679,1
1683,1
1684,1
1685,1
1686,1
1693,1
1696,1
1699,1
1702,1
1703,1
1705,1
1707,1
1710,1
1715,1
1716,1
1718,1
1720,1
1721,1
1723,1
1727,1
1733,1
1736,1
1737,1
1741,1
1748,1
1750,1
1751,1
1752,1
1753,1
1754,1
1772,1
1785,1
1788,1
1789,1
1790,1
1793,1
1798,1
1799,1
1800,1
1805,1
1806,1
1809,1
1811,1
1812,1
1821,1
1822,1
1823,1
1826,1
1828,1
1829,1
1834,1
1836,1
1839,1
1840,1
1841,1
1842,1
1843,1
1844,1
1845,1
1847,1
1851,1
1854,1
1862,1
1863,1
1865,1
1868,1
1871,1
1886,1
1888,1
1891,1
1894,1
1895,1
1896,1
1900,1
1903,1
1908,1
1909,1
1912,1
1913,1
1915,1
1922,1
1923,1
1927,1
1929,1
1932,1
1933,1
1936,1
1942,1
1943,1
1944,1
1948,1
1949,1
1958,1
1959,1
1964,1
1966,1
1968,1
1971,1
1977,1
1982,1
1985,1
1986,1
1987,1
1988,1
1990,1
1993,1
1995,1
2002,1
2004,1
2008,1
2010,1
2011,1
2015,1
2017,1
2020,1
2025,1
2027,1
2033,1
2035,1
2042,1
2044,1
2051,1
2053,1
2054,1
2055,1
2056,1
2061,1
2065,1
2066,1
2068,1
2071,1
2072,1
2076,1
2080,1
2084,1
2088,1
2097,1
2098,1
2099,1
2100,1
2102,1
2113,1
2114,1
2118,1
2119,1
2124,1
2125,1
2131,1
2134,1
2136,1
2138,1
2142,1
2143,1
2144,1
2145,1
2147,1
2148,1
2155,1
2159,1
2160,1
2163,1
2165,1
2166,1
2168,1
2169,1
2171,1
2172,1
2174,1
2176,1
2177,1
2178,1
2179,1
2183,1
2187,1
2188,1
2189,1
2190,1
2193,1
2194,1
2196,1
2199,1
2203,1
2204,1
2206,1
2214,1
2215,1
2216,1
2218,1
2219,1
2222,1
2227,1
2229,1
2231,1
2232,1
2233,1
2236,1
2239,1
2241,1
2248,1
2250,1
2253,1
2254,1
2256,1
2257,1
2258,1
2264,1
2268,1
2269,1
2270,1
2271,1
2272,1
2273,1
2274,1
2277,1
2280,1
2285,1
2287,1
2288,1
2289,1
2291,1
2295,1
2296,1
2298,1
2302,1
2309,1
2313,1
2315,1
2317,1
2318,1
2322,1
2324,1
2325,1
2328,1
2331,1
2338,1
2339,1
2340,1
2341,1
2342,1
2347,1
2348,1
2351,1
2355,1
2362,1
2363,1
2364,1
2367,1
2368,1
2371,1
2373,1
2377,1
2378,1
2379,1
2380,1
2383,1
2385,1
2391,1
2392,1
2395,1
2396,1
2398,1
2399,1
2403,1
2412,1
2413,1
2414,1
2419,1
2421,1
2423,1
2428,1
2429,1
2431,1
2437,1
2441,1
2442,1
2445,1
2446,1
2451,1
2456,1
2457,1
2463,1
2468,1
2471,1
2473,1
2475,1
2476,1
2477,1
2479,1
2480,1
2481,1
2483,1
2485,1
2493,1
2494,1
2496,1
2498,1
2499,1
2500,1
2503,1
2507,1
2508,1
2510,1
2512,1
2513,1
2515,1
2516,1
2520,1
2521,1
2522,1
2523,1
2525,1
2528,1
2531,1
2533,1
2534,1
2535,1
2540,1
2543,1
2545,1
2546,1
2549,1
2550,1
2552,1
2556,1
2560,1
2564,1
2566,1
2570,1
2572,1
2576,1
2578,1
2580,1
2585,1
2586,1
2587,1
2588,1
2596,1
2597,1
2605,1
2607,1
2610,1
2611,1
2612,1
2621,1
2622,1
2623,1
2627,1
2631,1
2632,1
2636,1
2642,1
2646,1
2647,1
2648,1
2651,1
2655,1
2656,1
2661,1
2665,1
2666,1
2669,1
2671,1
2672,1
2673,1
2679,1
2680,1
2681,1
2682,1
2684,1
2686,1
2688,1
2689,1
2694,1
2700,1
2701,1
2702,1
2703,1
2704,1
2705,1
2706,1
2708,1
2709,1
2713,1
2717,1
2718,1
2723,1
2724,1
2727,1
2728,1
2730,1
2734,1
2735,1
2741,1
2743,1
2746,1
2747,1
2751,1
2760,1
2761,1
2763,1
2769,1
2770,1
2771,1
2774,1
2775,1
2780,1
2782,1
2784,1
2785,1
2789,1
2790,1
2795,1
2796,1
2804,1
2805,1
2806,1
2807,1
2809,1
2813,1
2815,1
2816,1
2819,1
2820,1
2826,1
2827,1
2828,1
2833,1
2835,1
2840,1
2842,1
2844,1
2847,1
2851,1
2852,1
2857,1
2865,1
2866,1
2868,1
2872,1
2876,1
2877,1
2878,1
2882,1
2884,1
2886,1
2887,1
2891,1
2892,1
2896,1
2897,1
2898,1
2899,1
2900,1
2902,1
2909,1
2911,1
2915,1
2919,1
2925,1
2932,1
2934,1
2936,1
2938,1
2939,1
2943,1
2946,1
2948,1
2950,1
2956,1
2961,1
2967,1
2968,1
2969,1
2970,1
2975,1
2977,1
2980,1
2983,1
2989,1
3002,1
3005,1
3013,1
3014,1
3017,1
3024,1
3026,1
3038,1
3047,1
3051,1
3057,1
3064,1
3069,1
3072,1
3075,1
3076,1
3083,1
3085,1
3086,1
3097,1
3103,1
3104,1
3109,1
3125,1
3128,1
3132,1
3138,1
3139,1
3149,1
3152,1
3154,1
3158,1
3166,1
3179,1
3182,1
3186,1
3197,1
3213,1
3214,1
3225,1
3227,1
3257,1
3263,1
3293,1
3309,1
3316,1
3317,1
3319,1
3323,1
3325,1
3334,1
3341,1
3363,1
3372,1
3386,1
3394,1
3396,1
3397,1
3401,1
3409,1
4442,1
6247,1
136,1
301,1
354,1
701,1
808,1
1099,1
1759,1
2633,1
2930,1
3406,1
1769,1
3030,1
1358,1
2117,1
2238,1
2242,1
2276,1
2433,1
2541,1
2542,1
2554,1
2589,1
2696,1
2767,1
2821,1
2836,1
2874,1
3155,1
3294,1
4531,1
2667,1
2024,1
230,1
508,1
753,1
1037,1
1792,1
1961,1
2893,1
4834,1
6885,1
4394,1
2016,1
39,1
329,1
447,1
653,1
782,1
945,1
1276,1
1315,1
1430,1
1518,1
1542,1
1591,1
1755,1
1878,1
1946,1
1999,1
2455,1
2461,1
2565,1
2608,1
2952,1
3001,1
3082,1
3131,1
3266,1
3295,1
30,1
64,1
90,1
111,1
177,1
648,1
697,1
736,1
1490,1
1726,1
1952,1
2590,1
2663,1
2850,1
3338,1
3362,1
3375,1
3380,1
269,1
540,1
843,1
1397,1
1469,1
1951,1
2529,1
1588,1
1496,1
2162,1
1815,1
2126,1
8312,2
8394,2
3640,2
8191,2
8178,2
3467,2
4513,2
4718,2
5202,2
7300,2
8568,2
4621,2
4260,2
3438,2
3485,2
3622,2
4226,2
4419,2
4445,2
4582,2
5179,2
7669,2
7739,2
8177,2
8290,2
3417,2
3418,2
3419,2
3420,2
3425,2
3447,2
3454,2
3463,2
3466,2
3479,2
3483,2
3491,2
3492,2
3511,2
3531,2
3574,2
3585,2
3602,2
3608,2
3619,2
3660,2
3667,2
3705,2
3776,2
4083,2
4235,2
4244,2
4250,2
4257,2
4270,2
4308,2
4317,2
4320,2
4339,2
4350,2
4352,2
4353,2
4357,2
4363,2
4371,2
4373,2
4374,2
4384,2
4390,2
4395,2
4402,2
4412,2
4418,2
4427,2
4440,2
4443,2
4453,2
4457,2
4473,2
4477,2
4478,2
4487,2
4489,2
4497,2
4538,2
4552,2
4555,2
4575,2
4584,2
4592,2
4593,2
4603,2
4619,2
4629,2
4667,2
4673,2
4687,2
4690,2
4697,2
4701,2
4736,2
4748,2
4752,2
4758,2
4775,2
4779,2
4786,2
5174,2
5241,2
5623,2
8001,2
8012,2
8275,2
8328,2
8519,2
8404,2
8426,2
7128,2
4211,2
5351,2
4197,2
4732,2
4011,2
4266,2
4327,2
4388,2
8330,2
8148,2
3527,2
4296,2
3588,2
3642,2
4383,2
4778,2
3415,2
3422,2
3423,2
3429,2
3430,2
3434,2
3435,2
3437,2
3440,2
3441,2
3444,2
3450,2
3452,2
3457,2
3460,2
3469,2
3474,2
3475,2
3478,2
3481,2
3493,2
3495,2
3496,2
3502,2
3509,2
3523,2
3525,2
3529,2
3532,2
3534,2
3539,2
3546,2
3551,2
3554,2
3559,2
3563,2
3601,2
3604,2
3605,2
3607,2
3614,2
3615,2
3616,2
3617,2
3620,2
3625,2
3629,2
3631,2
3632,2
3638,2
3643,2
3647,2
3650,2
3653,2
3654,2
3657,2
3658,2
3661,2
3671,2
3674,2
3681,2
3685,2
3688,2
3689,2
3696,2
3698,2
3707,2
3710,2
3719,2
3723,2
3725,2
3730,2
3735,2
3746,2
3750,2
3754,2
3764,2
3773,2
3775,2
3779,2
3785,2
3786,2
3787,2
3810,2
3832,2
3833,2
3840,2
3843,2
3846,2
3849,2
3850,2
3853,2
3906,2
3935,2
3945,2
3946,2
3952,2
3969,2
3971,2
3973,2
3974,2
3983,2
3987,2
3994,2
4001,2
4012,2
4013,2
4017,2
4029,2
4031,2
4037,2
4045,2
4047,2
4052,2
4053,2
4061,2
4065,2
4068,2
4072,2
4085,2
4090,2
4091,2
4094,2
4096,2
4099,2
4102,2
4107,2
4108,2
4109,2
4111,2
4113,2
4119,2
4120,2
4121,2
4122,2
4127,2
4130,2
4131,2
4133,2
4134,2
4145,2
4147,2
4151,2
4156,2
4159,2
4164,2
4165,2
4166,2
4170,2
4171,2
4176,2
4183,2
4186,2
4189,2
4192,2
4193,2
4202,2
4210,2
4212,2
4222,2
4230,2
4233,2
4236,2
4246,2
4253,2
4258,2
4262,2
4265,2
4267,2
4275,2
4278,2
4284,2
4288,2
4292,2
4293,2
4298,2
4299,2
4309,2
4315,2
4319,2
4325,2
4337,2
4343,2
4344,2
4345,2
4347,2
4348,2
4362,2
4364,2
4366,2
4367,2
4372,2
4386,2
4391,2
4399,2
4403,2
4404,2
4405,2
4408,2
4415,2
4416,2
4426,2
4428,2
4435,2
4456,2
4465,2
4470,2
4472,2
4474,2
4483,2
4488,2
4495,2
4510,2
4515,2
4516,2
4517,2
4528,2
4539,2
4549,2
4551,2
4554,2
4567,2
4571,2
4572,2
4576,2
4580,2
4590,2
4595,2
4597,2
4616,2
4625,2
4626,2
4648,2
4661,2
4666,2
4668,2
4671,2
4672,2
4676,2
4679,2
4691,2
4695,2
4698,2
4699,2
4700,2
4719,2
4733,2
4735,2
4747,2
4751,2
4756,2
4774,2
4784,2
4787,2
4794,2
4797,2
4799,2
4800,2
4811,2
4813,2
4814,2
4225,2
4716,2
3413,2
3520,2
4187,2
4188,2
4801,2
3421,2
3448,2
3470,2
3476,2
3499,2
3501,2
3508,2
3519,2
3541,2
3567,2
3580,2
3584,2
3624,2
3634,2
3659,2
3662,2
3684,2
3686,2
3687,2
3700,2
3727,2
3731,2
3782,2
3784,2
3792,2
3796,2
3809,2
3811,2
3816,2
3825,2
3859,2
3862,2
3873,2
3874,2
3876,2
3880,2
3903,2
3907,2
3927,2
3934,2
3937,2
3938,2
3939,2
3944,2
3949,2
3950,2
3956,2
3958,2
3959,2
3977,2
3979,2
3980,2
3984,2
3985,2
3991,2
4006,2
4008,2
4009,2
4016,2
4026,2
4027,2
4038,2
4040,2
4044,2
4048,2
4054,2
4055,2
4059,2
4060,2
4077,2
4080,2
4082,2
4092,2
4103,2
4117,2
4129,2
4132,2
4141,2
4157,2
4161,2
4180,2
4185,2
4195,2
4220,2
4241,2
4285,2
4305,2
4330,2
4332,2
4376,2
4385,2
4421,2
4430,2
4438,2
4446,2
4451,2
4479,2
4502,2
4518,2
4522,2
4541,2
4565,2
4568,2
4570,2
4594,2
4596,2
4605,2
4613,2
4615,2
4649,2
4659,2
4664,2
4677,2
4705,2
4709,2
4724,2
4728,2
4738,2
4764,2
4776,2
4781,2
4803,2
4804,2
4806,2
3424,2
3433,2
3436,2
3442,2
3445,2
3453,2
3455,2
3462,2
3482,2
3500,2
3504,2
3517,2
3521,2
3524,2
3528,2
3542,2
3550,2
3561,2
3568,2
3572,2
3609,2
3611,2
3623,2
3627,2
3644,2
3651,2
3670,2
3679,2
3701,2
3713,2
3714,2
3717,2
3722,2
3740,2
3765,2
3780,2
3790,2
3794,2
3795,2
3800,2
3814,2
3815,2
3818,2
3820,2
3822,2
3827,2
3828,2
3830,2
3836,2
3856,2
3865,2
3901,2
3902,2
3908,2
3912,2
3914,2
3917,2
3919,2
3925,2
3928,2
3931,2
3932,2
3933,2
3941,2
3942,2
3947,2
3948,2
3954,2
3960,2
3962,2
3965,2
3966,2
3995,2
3997,2
4000,2
4003,2
4004,2
4010,2
4014,2
4019,2
4024,2
4028,2
4033,2
4034,2
4035,2
4039,2
4041,2
4043,2
4046,2
4049,2
4057,2
4062,2
4063,2
4064,2
4066,2
4067,2
4070,2
4074,2
4075,2
4076,2
4078,2
4084,2
4087,2
4093,2
4106,2
4116,2
4124,2
4125,2
4126,2
4139,2
4152,2
4154,2
4168,2
4198,2
4223,2
4224,2
4231,2
4240,2
4273,2
4295,2
4306,2
4322,2
4324,2
4326,2
4340,2
4361,2
4398,2
4420,2
4422,2
4447,2
4455,2
4461,2
4471,2
4475,2
4492,2
4496,2
4523,2
4530,2
4563,2
4566,2
4574,2
4600,2
4618,2
4632,2
4658,2
4683,2
4692,2
4715,2
4720,2
4729,2
4746,2
4777,2
4780,2
4790,2
3569,2
3737,2
3864,2
3916,2
3963,2
3992,2
4138,2
4140,2
4205,2
4647,2
4030,2
4637,2
3652,2
3678,2
3706,2
3802,2
3812,2
3835,2
3842,2
3861,2
4436,2
4450,2
4506,2
4623,2
4642,2
4771,2
7722,2
4821,2
3817,2
3428,2
3439,2
3446,2
3465,2
3468,2
3473,2
3480,2
3488,2
3494,2
3498,2
3506,2
3515,2
3533,2
3536,2
3540,2
3544,2
3545,2
3548,2
3553,2
3555,2
3558,2
3570,2
3571,2
3578,2
3581,2
3582,2
3591,2
3593,2
3594,2
3610,2
3613,2
3618,2
3656,2
3664,2
3666,2
3668,2
3669,2
3677,2
3694,2
3702,2
3712,2
3716,2
3718,2
3728,2
3745,2
3747,2
3749,2
3751,2
3766,2
3768,2
3783,2
3791,2
3798,2
3803,2
3804,2
3806,2
3808,2
3823,2
3826,2
3847,2
3852,2
3855,2
3858,2
3918,2
3957,2
3967,2
3978,2
3982,2
3993,2
4005,2
4015,2
4022,2
4025,2
4032,2
4036,2
4042,2
4050,2
4073,2
4081,2
4088,2
4089,2
4097,2
4105,2
4112,2
4115,2
4128,2
4135,2
4150,2
4200,2
4214,2
4215,2
4218,2
4221,2
4245,2
4251,2
4321,2
4323,2
4334,2
4342,2
4354,2
4358,2
4397,2
4432,2
4433,2
4434,2
4441,2
4462,2
4482,2
4490,2
4504,2
4524,2
4535,2
4545,2
4546,2
4558,2
4564,2
4579,2
4585,2
4588,2
4622,2
4631,2
4640,2
4652,2
4689,2
4693,2
4696,2
4704,2
4713,2
4739,2
4749,2
4755,2
4766,2
4793,2
4807,2
4816,2
5182,2
4641,2
3692,2
3691,2
8253,2
3505,2
3412,2
3414,2
3416,2
3451,2
3456,2
3458,2
3472,2
3487,2
3497,2
3503,2
3510,2
3512,2
3513,2
3514,2
3530,2
3535,2
3538,2
3543,2
3549,2
3562,2
3564,2
3565,2
3566,2
3573,2
3575,2
3576,2
3577,2
3586,2
3603,2
3606,2
3612,2
3626,2
3628,2
3633,2
3648,2
3655,2
3665,2
3675,2
3695,2
3788,2
3848,2
3904,2
3964,2
4051,2
4149,2
4153,2
4184,2
4191,2
4196,2
4199,2
4204,2
4206,2
4207,2
4208,2
4227,2
4228,2
4229,2
4234,2
4238,2
4239,2
4248,2
4252,2
4261,2
4264,2
4268,2
4269,2
4271,2
4276,2
4294,2
4300,2
4303,2
4304,2
4307,2
4311,2
4312,2
4314,2
4318,2
4331,2
4333,2
4336,2
4338,2
4346,2
4349,2
4351,2
4355,2
4356,2
4365,2
4370,2
4375,2
4378,2
4380,2
4382,2
4387,2
4389,2
4393,2
4396,2
4400,2
4401,2
4409,2
4411,2
4413,2
4414,2
4424,2
4429,2
4431,2
4437,2
4439,2
4454,2
4458,2
4463,2
4464,2
4467,2
4468,2
4476,2
4480,2
4481,2
4484,2
4486,2
4493,2
4499,2
4500,2
4503,2
4505,2
4509,2
4511,2
4512,2
4520,2
4525,2
4526,2
4527,2
4533,2
4534,2
4536,2
4537,2
4543,2
4544,2
4547,2
4548,2
4550,2
4553,2
4560,2
4561,2
4569,2
4573,2
4577,2
4578,2
4581,2
4586,2
4587,2
4589,2
4598,2
4599,2
4602,2
4607,2
4611,2
4620,2
4624,2
4627,2
4628,2
4633,2
4634,2
4635,2
4636,2
4638,2
4639,2
4643,2
4644,2
4645,2
4646,2
4651,2
4653,2
4654,2
4656,2
4657,2
4660,2
4662,2
4663,2
4674,2
4681,2
4682,2
4684,2
4685,2
4688,2
4694,2
4702,2
4703,2
4706,2
4708,2
4714,2
4717,2
4722,2
4723,2
4725,2
4726,2
4727,2
4730,2
4731,2
4737,2
4740,2
4741,2
4744,2
4750,2
4753,2
4754,2
4757,2
4765,2
4768,2
4772,2
4783,2
4789,2
4791,2
4796,2
4798,2
4805,2
4808,2
4809,2
4810,2
4812,2
4815,2
4977,2
8410,2
4163,2
4242,2
4721,2
8166,2
8502,2
8569,2
4678,2
4301,2
3427,2
2982,2
8272,2
8264,2
8276,2
2305,2
3518,2
3556,2
6269,2
4630,2
4254,2
6530,3
3587,3
6769,3
4849,3
4902,3
4931,3
4979,3
5703,3
6457,3
6555,3
6971,3
6666,3
6281,3
2903,3
3306,3
3036,3
8317,3
8433,3
3868,3
3911,3
5815,3
3621,3
3805,3
4360,3
3778,3
3781,3
4675,3
2870,3
3161,3
27,3
724,3
1005,3
1357,3
1533,3
2544,3
3245,3
2223,3
4491,3
6006,3
7319,3
8265,3
8345,3
8577,3
8388,3
5979,3
6082,3
6443,3
7008,3
5740,3
5746,3
5831,3
6170,3
6203,3
6352,3
6427,3
6432,3
6500,3
6533,3
6539,3
6603,3
6729,3
7124,3
5851,3
5988,3
6034,3
7072,3
7136,3
334,3
1185,3
6694,3
4838,3
5656,3
6486,3
6547,3
6746,3
4836,3
4896,3
4938,3
4959,3
4988,3
5138,3
5299,3
5469,3
5834,3
5870,3
6185,3
6301,3
6314,3
6376,3
6527,3
6667,3
6683,3
6849,3
6903,3
6966,3
7062,3
7087,3
6064,3
6826,3
5378,3
5463,3
6776,3
6801,3
3464,3
4169,3
3711,3
3772,3
3789,3
3807,3
3829,3
3844,3
3854,3
3857,3
3875,3
3915,3
3953,3
4058,3
4466,3
3557,3
3920,3
4743,3
3774,3
3813,3
3863,3
3929,3
3913,3
5809,3
3972,3
8355,3
134,3
2991,3
3379,3
3741,3
3771,3
3793,3
3797,3
3831,3
3894,3
3895,3
3898,3
3905,3
3922,3
4021,3
4123,3
4136,3
4316,3
4710,3
4936,3
8079,3
3547,3
3560,3
3663,3
3693,3
3736,3
3799,3
3837,3
3872,3
3883,3
3885,3
4118,3
4377,3
6671,3
33,3
3190,3
3260,3
3280,3
4460,3
6548,3
82,3
468,3
3070,3
3537,3
3579,3
4201,3
4368,3
4939,3
5744,3
5801,3
3900,3
3878,3
794,3
386,3
1335,3
1411,3
2220,3
2478,3
3195,3
12,3
26,3
43,3
101,3
126,3
254,3
638,3
641,3
825,3
861,3
883,3
886,3
900,3
1079,3
1198,3
1243,3
1260,3
1561,3
1869,3
1954,3
1956,3
2112,3
2157,3
2427,3
2692,3
2921,3
3016,3
3018,3
3048,3
3061,3
3121,3
3140,3
3287,3
3312,3
3342,3
3390,3
3408,3
3410,3
6564,3
6699,3
6736,3
5933,3
52,3
179,3
221,3
243,3
308,3
404,3
497,3
498,3
534,3
545,3
858,3
1222,3
1366,3
1860,3
1873,3
1916,3
1920,3
2217,3
2225,3
2330,3
2783,3
3040,3
3181,3
3237,3
3246,3
3261,3
3328,3
3516,3
4562,3
8060,3
8419,3
3682,3
3893,3
3897,3
4785,3
7096,3
146,3
153,3
270,3
454,3
763,3
878,3
929,3
1175,3
1247,3
1286,3
1334,3
1704,3
2128,3
2244,3
2722,3
2971,3
3028,3
3054,3
3198,3
3222,3
3243,3
3253,3
3256,3
3284,3
6661,3
6705,3
1091,3
1389,3
2018,3
2620,3
3168,3
220,3
348,3
1386,3
2299,3
3330,3
714,3
2135,3
6865,3
336,3
411,3
441,3
1195,3
2918,3
32,3
185,3
2141,3
2959,3
47,3
70,3
105,3
109,3
116,3
520,3
633,3
976,3
1069,3
1711,3
1979,3
2052,3
2251,3
2922,3
2953,3
2972,3
3004,3
3115,3
3136,3
3137,3
3234,3
3254,3
3271,3
3277,3
3310,3
3315,3
3376,3
3398,3
3402,3
3411,3
5756,3
6000,3
6421,3
6467,3
6687,3
6698,3
6702,3
6998,3
7445,3
7654,3
7658,3
7667,3
7763,3
0,3
2077,3
2387,3
3220,3
3641,3
3715,3
3930,3
3955,3
4174,3
4178,3
4287,3
4310,3
4313,3
4369,3
4712,3
4770,3
4820,3
5234,3
5262,3
5266,3
6317,3
6329,3
6762,3
8006,3
8021,3
8040,3
8132,3
8157,3
8263,3
8266,3
8381,3
8407,3
8484,3
8499,3
8540,3
1611,3
3147,3
5814,3
6498,3
6544,3
6686,3
6756,3
6952,3
6995,3
856,3
1137,3
2410,3
2432,3
117,3
152,3
208,3
248,3
258,3
281,3
286,3
356,3
524,3
528,3
606,3
717,3
754,3
816,3
1052,3
1118,3
1179,3
1190,3
1263,3
1619,3
2013,3
2064,3
2070,3
2075,3
2121,3
2311,3
2400,3
2539,3
2913,3
2923,3
2927,3
2949,3
2960,3
2984,3
2999,3
3169,3
3215,3
3265,3
3320,3
3326,3
3364,3
3373,3
3385,3
3393,3
3400,3
3432,3
3459,3
3477,3
3522,3
3583,3
3590,3
3595,3
3600,3
3637,3
3639,3
3724,3
3824,3
3845,3
3866,3
3881,3
3888,3
3890,3
3892,3
3899,3
3924,3
3975,3
4018,3
4101,3
4104,3
4114,3
4173,3
4175,3
4177,3
4182,3
4203,3
4213,3
4219,3
4255,3
4259,3
4277,3
4279,3
4341,3
4379,3
4406,3
4425,3
4494,3
4501,3
4508,3
4532,3
4650,3
4734,3
4761,3
4773,3
4802,3
4969,3
4975,3
4981,3
5025,3
5029,3
5030,3
5082,3
5090,3
5098,3
5103,3
5105,3
5159,3
5193,3
5195,3
5210,3
5233,3
5271,3
5296,3
5306,3
5308,3
5325,3
5376,3
5438,3
5449,3
5450,3
5454,3
5457,3
5476,3
5539,3
5553,3
5720,3
5791,3
5796,3
5802,3
5808,3
5841,3
5881,3
5893,3
5999,3
6032,3
6213,3
6215,3
6216,3
6217,3
6271,3
6289,3
6325,3
6342,3
6347,3
6431,3
6463,3
6466,3
6528,3
6546,3
6587,3
6588,3
6595,3
6605,3
6660,3
6672,3
6722,3
6724,3
6731,3
6764,3
6777,3
6804,3
6876,3
6955,3
6993,3
7078,3
7144,3
7242,3
7297,3
7370,3
7463,3
7590,3
7592,3
7657,3
7671,3
7680,3
7704,3
7740,3
7748,3
7754,3
7758,3
7838,3
7845,3
7978,3
7981,3
7988,3
7989,3
7994,3
7996,3
8003,3
8013,3
8014,3
8017,3
8018,3
8019,3
8022,3
8036,3
8037,3
8041,3
8042,3
8043,3
8045,3
8046,3
8050,3
8068,3
8070,3
8073,3
8075,3
8076,3
8078,3
8080,3
8084,3
8086,3
8087,3
8089,3
8098,3
8110,3
8124,3
8134,3
8147,3
8149,3
8153,3
8154,3
8158,3
8160,3
8162,3
8165,3
8167,3
8169,3
8174,3
8176,3
8179,3
8180,3
8181,3
8182,3
8183,3
8184,3
8186,3
8187,3
8188,3
8192,3
8193,3
8194,3
8196,3
8197,3
8199,3
8200,3
8201,3
8204,3
8209,3
8210,3
8244,3
8246,3
8262,3
8267,3
8268,3
8283,3
8298,3
8300,3
8309,3
8313,3
8314,3
8332,3
8333,3
8335,3
8337,3
8339,3
8340,3
8341,3
8342,3
8347,3
8348,3
8350,3
8353,3
8357,3
8359,3
8360,3
8363,3
8366,3
8369,3
8370,3
8373,3
8374,3
8379,3
8382,3
8390,3
8391,3
8392,3
8395,3
8396,3
8398,3
8399,3
8402,3
8403,3
8406,3
8412,3
8435,3
8448,3
8451,3
8452,3
8455,3
8457,3
8458,3
8460,3
8462,3
8481,3
8483,3
8485,3
8486,3
8492,3
8495,3
8498,3
8500,3
8503,3
8506,3
8509,3
8511,3
8513,3
8518,3
8520,3
8525,3
8536,3
8544,3
8556,3
8558,3
8560,3
8563,3
8564,3
8570,3
1,3
388,3
1121,3
79,3
114,3
160,3
181,3
215,3
288,3
311,3
317,3
493,3
509,3
515,3
541,3
645,3
718,3
723,3
798,3
859,3
939,3
1019,3
1078,3
1160,3
1213,3
1254,3
1348,3
1380,3
1440,3
1564,3
1566,3
1594,3
1687,3
1918,3
1957,3
1994,3
2037,3
2038,3
2063,3
2073,3
2082,3
2087,3
2209,3
2372,3
2409,3
2448,3
2465,3
2490,3
2491,3
2582,3
2626,3
2719,3
2729,3
2830,3
2944,3
2994,3
2996,3
3009,3
3033,3
3037,3
3049,3
3063,3
3216,3
3239,3
3281,3
3288,3
3301,3
3308,3
3367,3
3370,3
5117,3
6677,3
6944,3
8069,3
8257,3
8269,3
8273,3
8301,3
8351,3
8358,3
8368,3
8376,3
8414,3
8417,3
8447,3
8478,3
8507,3
8528,3
8541,3
8542,3
8552,3
2,3
42,3
122,3
438,3
446,3
556,3
572,3
764,3
957,3
967,3
1074,3
1367,3
1369,3
1446,3
1568,3
1870,3
1880,3
1898,3
2009,3
2067,3
2370,3
2397,3
2732,3
2772,3
2937,3
2964,3
2974,3
3031,3
3071,3
3094,3
3143,3
3203,3
3209,3
3232,3
3241,3
3273,3
3291,3
3332,3
3358,3
3680,3
3759,3
3763,3
3767,3
4142,3
4614,3
5468,3
6024,3
6260,3
6638,3
6827,3
7105,3
8033,3
8054,3
8062,3
8240,3
8384,3
8386,3
8488,3
8522,3
8539,3
8543,3
8565,3
8567,3
5,3
6,3
11,3
34,3
40,3
44,3
51,3
60,3
67,3
73,3
85,3
86,3
88,3
94,3
98,3
102,3
104,3
107,3
108,3
135,3
138,3
139,3
163,3
166,3
167,3
169,3
187,3
188,3
190,3
191,3
201,3
225,3
241,3
244,3
306,3
314,3
345,3
416,3
449,3
460,3
484,3
530,3
531,3
533,3
552,3
571,3
625,3
635,3
675,3
679,3
681,3
702,3
734,3
919,3
930,3
935,3
979,3
1008,3
1163,3
1169,3
1209,3
1242,3
1249,3
1285,3
1305,3
1363,3
1415,3
1439,3
1441,3
1444,3
1458,3
1463,3
1514,3
1527,3
1541,3
1545,3
1547,3
1548,3
1605,3
1613,3
1636,3
1663,3
1698,3
1742,3
1758,3
1817,3
1818,3
1831,3
1857,3
1889,3
1902,3
1919,3
1921,3
1934,3
1938,3
1960,3
1976,3
2006,3
2022,3
2023,3
2039,3
2049,3
2091,3
2096,3
2170,3
2173,3
2228,3
2245,3
2304,3
2326,3
2329,3
2381,3
2393,3
2424,3
2444,3
2489,3
2603,3
2616,3
2641,3
2687,3
2721,3
2752,3
2778,3
2810,3
2854,3
2855,3
2869,3
2888,3
2889,3
2945,3
2947,3
2955,3
2981,3
2986,3
3021,3
3027,3
3035,3
3039,3
3042,3
3043,3
3044,3
3045,3
3077,3
3108,3
3117,3
3164,3
3165,3
3170,3
3183,3
3185,3
3188,3
3189,3
3192,3
3205,3
3206,3
3210,3
3211,3
3223,3
3224,3
3228,3
3236,3
3252,3
3268,3
3276,3
3278,3
3283,3
3285,3
3313,3
3314,3
3324,3
3337,3
3339,3
3340,3
3344,3
3346,3
3347,3
3349,3
3350,3
3352,3
3353,3
3354,3
3355,3
3357,3
3361,3
3374,3
3377,3
3378,3
3388,3
3389,3
3391,3
3392,3
3404,3
3405,3
3407,3
3426,3
3443,3
3449,3
3461,3
3471,3
3484,3
3489,3
3490,3
3507,3
3552,3
3589,3
3592,3
3596,3
3597,3
3598,3
3599,3
3630,3
3635,3
3636,3
3645,3
3646,3
3649,3
3673,3
3676,3
3683,3
3690,3
3699,3
3703,3
3708,3
3709,3
3720,3
3721,3
3726,3
3729,3
3732,3
3733,3
3734,3
3738,3
3739,3
3742,3
3743,3
3744,3
3748,3
3752,3
3753,3
3755,3
3756,3
3757,3
3758,3
3760,3
3761,3
3762,3
3769,3
3770,3
3819,3
3821,3
3834,3
3838,3
3839,3
3841,3
3851,3
3860,3
3867,3
3869,3
3870,3
3871,3
3877,3
3879,3
3882,3
3884,3
3886,3
3889,3
3891,3
3896,3
3910,3
3921,3
3923,3
3926,3
3936,3
3940,3
3943,3
3961,3
3968,3
3970,3
3976,3
3981,3
3986,3
3988,3
3989,3
3990,3
3996,3
3998,3
3999,3
4002,3
4020,3
4023,3
4056,3
4069,3
4071,3
4079,3
4086,3
4095,3
4100,3
4110,3
4137,3
4143,3
4148,3
4155,3
4158,3
4160,3
4162,3
4167,3
4172,3
4181,3
4190,3
4194,3
4209,3
4216,3
4217,3
4237,3
4247,3
4249,3
4256,3
4263,3
4272,3
4274,3
4280,3
4281,3
4282,3
4283,3
4286,3
4289,3
4290,3
4291,3
4297,3
4302,3
4329,3
4335,3
4381,3
4392,3
4407,3
4410,3
4417,3
4423,3
4448,3
4449,3
4452,3
4459,3
4469,3
4485,3
4498,3
4507,3
4514,3
4519,3
4529,3
4540,3
4542,3
4556,3
4557,3
4583,3
4591,3
4604,3
4606,3
4608,3
4609,3
4610,3
4617,3
4655,3
4665,3
4669,3
4686,3
4707,3
4711,3
4742,3
4745,3
4759,3
4760,3
4762,3
4763,3
4767,3
4769,3
4782,3
4788,3
4795,3
4818,3
4852,3
4853,3
4873,3
4883,3
4904,3
4914,3
4933,3
4953,3
4954,3
4967,3
4968,3
4984,3
4985,3
5027,3
5028,3
5031,3
5038,3
5039,3
5051,3
5108,3
5171,3
5183,3
5185,3
5188,3
5189,3
5190,3
5191,3
5211,3
5228,3
5240,3
5272,3
5275,3
5277,3
5279,3
5282,3
5292,3
5293,3
5294,3
5298,3
5301,3
5320,3
5323,3
5328,3
5334,3
5341,3
5355,3
5368,3
5384,3
5400,3
5428,3
5471,3
5479,3
5520,3
5547,3
5557,3
5569,3
5601,3
5609,3
5618,3
5641,3
5648,3
5650,3
5653,3
5662,3
5739,3
5751,3
5758,3
5761,3
5767,3
5774,3
5811,3
5816,3
5817,3
5820,3
5830,3
5833,3
5887,3
5899,3
5911,3
5912,3
5916,3
5917,3
5924,3
5932,3
5950,3
6010,3
6016,3
6022,3
6026,3
6030,3
6111,3
6115,3
6116,3
6126,3
6136,3
6176,3
6186,3
6195,3
6198,3
6202,3
6204,3
6206,3
6209,3
6210,3
6214,3
6218,3
6223,3
6263,3
6268,3
6274,3
6275,3
6276,3
6282,3
6292,3
6293,3
6296,3
6306,3
6315,3
6330,3
6331,3
6339,3
6353,3
6357,3
6359,3
6363,3
6367,3
6386,3
6397,3
6406,3
6410,3
6411,3
6413,3
6415,3
6438,3
6441,3
6444,3
6446,3
6447,3
6448,3
6449,3
6451,3
6462,3
6464,3
6469,3
6470,3
6477,3
6484,3
6491,3
6507,3
6511,3
6512,3
6513,3
6524,3
6532,3
6553,3
6557,3
6562,3
6565,3
6566,3
6568,3
6569,3
6570,3
6571,3
6572,3
6577,3
6589,3
6590,3
6591,3
6593,3
6596,3
6597,3
6598,3
6599,3
6600,3
6601,3
6602,3
6604,3
6609,3
6610,3
6615,3
6616,3
6617,3
6619,3
6620,3
6622,3
6623,3
6625,3
6636,3
6646,3
6647,3
6654,3
6657,3
6662,3
6663,3
6665,3
6668,3
6669,3
6670,3
6682,3
6684,3
6685,3
6689,3
6690,3
6692,3
6697,3
6700,3
6701,3
6704,3
6706,3
6709,3
6712,3
6713,3
6714,3
6716,3
6718,3
6720,3
6721,3
6725,3
6726,3
6730,3
6733,3
6735,3
6737,3
6738,3
6740,3
6741,3
6742,3
6744,3
6745,3
6749,3
6750,3
6751,3
6753,3
6754,3
6755,3
6757,3
6758,3
6763,3
6765,3
6768,3
6771,3
6772,3
6773,3
6774,3
6780,3
6788,3
6790,3
6791,3
6792,3
6794,3
6798,3
6800,3
6802,3
6805,3
6811,3
6813,3
6830,3
6834,3
6836,3
6841,3
6845,3
6846,3
6847,3
6848,3
6851,3
6856,3
6860,3
6862,3
6863,3
6878,3
6889,3
6893,3
6896,3
6897,3
6899,3
6901,3
6905,3
6908,3
6909,3
6920,3
6933,3
6945,3
6946,3
6958,3
6964,3
6965,3
6970,3
6973,3
6974,3
6976,3
6977,3
6979,3
6982,3
6986,3
7000,3
7001,3
7011,3
7018,3
7034,3
7068,3
7070,3
7071,3
7073,3
7076,3
7097,3
7099,3
7113,3
7115,3
7121,3
7123,3
7125,3
7127,3
7132,3
7147,3
7149,3
7150,3
7152,3
7161,3
7166,3
7177,3
7188,3
7248,3
7249,3
7263,3
7290,3
7322,3
7324,3
7330,3
7335,3
7336,3
7358,3
7363,3
7373,3
7393,3
7453,3
7495,3
7500,3
7518,3
7520,3
7527,3
7529,3
7531,3
7532,3
7535,3
7538,3
7541,3
7556,3
7562,3
7563,3
7564,3
7566,3
7568,3
7569,3
7573,3
7577,3
7578,3
7580,3
7581,3
7584,3
7589,3
7591,3
7595,3
7596,3
7608,3
7610,3
7612,3
7619,3
7623,3
7624,3
7630,3
7631,3
7632,3
7644,3
7649,3
7659,3
7660,3
7670,3
7674,3
7677,3
7678,3
7681,3
7682,3
7684,3
7688,3
7689,3
7694,3
7696,3
7697,3
7705,3
7706,3
7707,3
7711,3
7712,3
7713,3
7716,3
7718,3
7721,3
7724,3
7729,3
7730,3
7732,3
7733,3
7747,3
7752,3
7757,3
7764,3
7771,3
7772,3
7805,3
7820,3
7822,3
7823,3
7824,3
7825,3
7828,3
7834,3
7882,3
7890,3
7894,3
7901,3
7905,3
7908,3
7909,3
7911,3
7912,3
7914,3
7916,3
7924,3
7930,3
7935,3
7941,3
7946,3
7948,3
7953,3
7954,3
7960,3
7961,3
7965,3
7969,3
7974,3
7979,3
7980,3
7982,3
7983,3
7984,3
7985,3
7986,3
7987,3
7990,3
7991,3
7992,3
7993,3
7995,3
7997,3
7998,3
7999,3
8000,3
8002,3
8004,3
8005,3
8007,3
8008,3
8009,3
8010,3
8011,3
8015,3
8016,3
8020,3
8023,3
8024,3
8025,3
8026,3
8027,3
8028,3
8029,3
8030,3
8031,3
8032,3
8034,3
8035,3
8038,3
8039,3
8044,3
8047,3
8048,3
8049,3
8051,3
8052,3
8053,3
8055,3
8056,3
8057,3
8058,3
8059,3
8063,3
8064,3
8065,3
8066,3
8067,3
8071,3
8072,3
8074,3
8077,3
8081,3
8082,3
8083,3
8085,3
8088,3
8090,3
8091,3
8092,3
8093,3
8094,3
8095,3
8096,3
8097,3
8099,3
8100,3
8101,3
8102,3
8103,3
8104,3
8105,3
8106,3
8107,3
8108,3
8109,3
8111,3
8112,3
8113,3
8114,3
8115,3
8116,3
8117,3
8118,3
8119,3
8120,3
8121,3
8122,3
8123,3
8125,3
8126,3
8127,3
8128,3
8129,3
8130,3
8131,3
8133,3
8135,3
8136,3
8137,3
8138,3
8139,3
8140,3
8141,3
8142,3
8143,3
8144,3
8145,3
8146,3
8150,3
8151,3
8152,3
8155,3
8156,3
8159,3
8161,3
8163,3
8164,3
8168,3
8170,3
8171,3
8172,3
8173,3
8175,3
8185,3
8189,3
8190,3
8198,3
8202,3
8203,3
8205,3
8206,3
8207,3
8208,3
8211,3
8212,3
8213,3
8214,3
8215,3
8216,3
8217,3
8218,3
8219,3
8220,3
8221,3
8222,3
8223,3
8224,3
8225,3
8226,3
8227,3
8228,3
8229,3
8230,3
8231,3
8232,3
8233,3
8234,3
8235,3
8236,3
8237,3
8238,3
8239,3
8241,3
8242,3
8243,3
8245,3
8247,3
8248,3
8249,3
8250,3
8251,3
8252,3
8254,3
8255,3
8256,3
8258,3
8259,3
8260,3
8261,3
8270,3
8271,3
8274,3
8277,3
8278,3
8279,3
8280,3
8281,3
8282,3
8284,3
8285,3
8286,3
8287,3
8288,3
8289,3
8291,3
8292,3
8293,3
8294,3
8295,3
8296,3
8297,3
8299,3
8302,3
8303,3
8304,3
8305,3
8306,3
8307,3
8308,3
8310,3
8311,3
8315,3
8316,3
8318,3
8319,3
8320,3
8321,3
8323,3
8324,3
8325,3
8326,3
8327,3
8329,3
8331,3
8334,3
8336,3
8338,3
8343,3
8344,3
8346,3
8349,3
8352,3
8354,3
8356,3
8361,3
8362,3
8364,3
8365,3
8367,3
8371,3
8372,3
8375,3
8377,3
8378,3
8380,3
8383,3
8385,3
8387,3
8393,3
8397,3
8400,3
8401,3
8405,3
8408,3
8409,3
8411,3
8415,3
8416,3
8418,3
8420,3
8421,3
8422,3
8423,3
8424,3
8425,3
8427,3
8428,3
8429,3
8430,3
8431,3
8432,3
8434,3
8436,3
8437,3
8438,3
8439,3
8440,3
8441,3
8442,3
8443,3
8444,3
8445,3
8446,3
8449,3
8450,3
8453,3
8454,3
8456,3
8459,3
8461,3
8463,3
8464,3
8465,3
8466,3
8467,3
8468,3
8469,3
8470,3
8471,3
8472,3
8473,3
8474,3
8475,3
8476,3
8477,3
8479,3
8480,3
8482,3
8487,3
8489,3
8490,3
8491,3
8493,3
8494,3
8496,3
8497,3
8501,3
8504,3
8505,3
8508,3
8510,3
8512,3
8514,3
8515,3
8516,3
8517,3
8521,3
8523,3
8524,3
8526,3
8527,3
8530,3
8531,3
8532,3
8533,3
8534,3
8535,3
8537,3
8538,3
8545,3
8546,3
8547,3
8548,3
8549,3
8550,3
8551,3
8553,3
8554,3
8555,3
8557,3
8559,3
8561,3
8562,3
8566,3
8571,3
8572,3
8573,3
8574,3
8575,3
8576,3
8578,3
8579,3
66,3
68,3
72,3
76,3
123,3
285,3
305,3
525,3
774,3
1039,3
1092,3
1233,3
1239,3
1255,3
1630,3
1746,3
1884,3
2286,3
2294,3
2350,3
2384,3
2453,3
2720,3
2788,3
2912,3
2941,3
3135,3
3150,3
3194,3
3218,3
3221,3
3247,3
3264,3
3282,3
5177,3
5734,3
5737,3
5748,3
5818,3
6027,3
6077,3
6086,3
6117,3
6124,3
6351,3
6355,3
6398,3
6499,3
6559,3
6567,3
6573,3
6695,3
6761,3
6796,3
6857,3
6858,3
6864,3
7026,3
4,3
13,3
14,3
25,3
46,3
53,3
57,3
58,3
65,3
161,3
195,3
287,3
355,3
394,3
429,3
432,3
489,3
554,3
587,3
983,3
1149,3
1395,3
1400,3
1544,3
1830,3
1852,3
1856,3
1861,3
2021,3
2090,3
2282,3
2604,3
2662,3
2749,3
2801,3
2917,3
2935,3
2978,3
2990,3
3111,3
3196,3
3242,3
3322,3
3345,3
3348,3
3369,3
3371,3
3395,3
4007,3
4973,3
5747,3
5750,3
5807,3
5909,3
6122,3
6258,3
6576,3
6592,3
6618,3
6775,3
6795,3
7108,3
7169,3
7257,3
7524,3
7544,3
7554,3
7645,3
7668,3
7691,3
7816,3
7884,3
7958,3
7977,3
6770,3
6707,3
7037,3
496,3
5354,3
5602,3
6036,3
6541,3
6575,3
6717,3
6799,3
6803,3
6809,3
6874,3
5753,3
6606,3
2567,3
103,3
99,3
375,3
928,3
1114,3
1503,3
1899,3
2674,3
3327,3
3366,3
31,3
35,3
36,3
37,3
48,3
251,3
465,3
622,3
940,3
1775,3
1970,3
2293,3
2401,3
2598,3
2606,3
2753,3
2880,3
3055,3
3078,3
3105,3
3269,3
3387,3
2963,3
3526,3
3697,3
3801,3
3887,3
4792,3
4817,3
3777,3
4146,3
5392,3
3486,3
209,3
6594,3
7080,3
6388,3
6503,3
6578,3
6961,3
5379,3
6259,3
3431,3
5439,4
807,4
1374,4
372,4
848,4
1059,4
1110,4
1153,4
1730,4
1776,4
1965,4
1997,4
2366,4
333,4
569,4
620,4
738,4
799,4
1208,4
1241,4
1273,4
1624,4
1670,4
1735,4
2195,4
2411,4
2714,4
2758,4
2929,4
182,4
260,4
280,4
413,4
1001,4
1417,4
1820,4
172,4
3951,4
257,4
1640,4
2137,4
5175,4
1725,4
953,4
1996,4
2149,4
1883,4
1939,4
2365,4
2558,4
2890,4
2505,4
1627,4
2594,4
323,4
335,4
353,4
409,4
431,4
481,4
495,4
511,4
518,4
523,4
546,4
555,4
560,4
580,4
624,4
640,4
710,4
823,4
836,4
847,4
851,4
890,4
901,4
938,4
1004,4
1140,4
1200,4
1218,4
1219,4
1264,4
1275,4
1291,4
1302,4
1362,4
1384,4
1478,4
1520,4
1610,4
1639,4
1691,4
1739,4
1740,4
1764,4
1764,4
1781,4
1791,4
1846,4
1887,4
1975,4
2046,4
2048,4
2109,4
2132,4
2167,4
2186,4
2234,4
2249,4
2303,4
2466,4
2562,4
2562,4
2602,4
2615,4
2757,4
2841,4
3008,4
3175,4
4232,4
577,4
751,4
819,4
2205,4
2858,4
21,4
62,4
84,4
192,4
200,4
290,4
332,4
370,4
519,4
589,4
1016,4
1054,4
1106,4
1156,4
1328,4
1329,4
1350,4
1393,4
1442,4
1452,4
1467,4
1532,4
1668,4
1804,4
1882,4
1973,4
2201,4
2361,4
2460,4
2462,4
2504,4
2559,4
2569,4
2595,4
2676,4
2712,4
2779,4
2924,4
3034,4
3120,4
6651,4
1476,4
1502,4
3067,4
1131,4
2150,4
2156,4
296,4
320,4
338,4
351,4
410,4
419,4
470,4
512,4
521,4
548,4
566,4
578,4
656,4
795,4
824,4
831,4
850,4
898,4
964,4
993,4
1107,4
1141,4
1188,4
1225,4
1253,4
1280,4
1284,4
1303,4
1326,4
1392,4
1455,4
1519,4
1607,4
1645,4
1701,4
1734,4
1745,4
1768,4
1768,4
1768,4
1937,4
2106,4
2127,4
2191,4
2243,4
2356,4
2376,4
2464,4
2470,4
2907,4
2931,4
2993,4
3015,4
3110,4
3177,4
3178,4
3202,4
3258,4
3286,4
3302,4
2085,4
369,4
6058,4
476,4
526,4
671,4
2089,4
2267,4
2472,4
2867,4
425,4
440,4
667,4
707,4
719,4
800,4
893,4
932,4
972,4
995,4
1003,4
1104,4
1203,4
1268,4
1325,4
1418,4
1427,4
1483,4
1486,4
1534,4
1706,4
1778,4
1855,4
2083,4
2092,4
2104,4
2207,4
2316,4
2422,4
2519,4
2557,4
2600,4
2654,4
2843,4
2926,4
2987,4
3126,4
3307,4
193,4
328,4
1608,4
2940,4
1774,4
417,4
4974,4
4941,4
1864,4
1205,4
1368,4
359,4
1207,4
1563,4
276,4
574,5
636,5
1030,5
1154,5
1308,5
1373,5
2032,5
2389,5
2532,5
2845,5
202,5
477,5
658,5
1236,5
1714,5
1765,5
1853,5
1931,5
1953,5
2247,5
2998,5
3289,5
2583,5
3403,5
960,5
23,5
110,5
1412,5
267,5
860,5
1760,5
2766,5
1080,5
2860,5
3090,5
2920,5
791,5
1296,5
2001,5
2103,5
2240,5
2345,5
2430,5
2791,5
8061,5
17,5
240,5
326,5
397,5
590,5
832,5
1026,5
1098,5
1521,5
1780,5
1824,5
1872,5
1989,5
2221,5
2486,5
2657,5
2748,5
2910,5
3066,5
3153,5
3200,5
3212,5
3235,5
483,5
3174,5
54,5
63,5
309,5
503,5
1081,5
1258,5
1604,5
2185,5
2547,5
2643,5
2793,5
2834,5
3118,5
3267,5
3091,5
3011,5
1635,5
3119,5
3365,5
670,5
872,5
1498,5
1620,5
1675,5
2635,5
2966,5
1813,5
924,5
2081,5
3226,5
272,5
1722,5
2469,5
3229,5
3112,5
3238,5
238,5
263,5
300,5
683,5
744,5
1910,5
2043,5
2908,5
2928,5
3099,5
71,5
133,5
144,5
604,5
1223,5
1416,5
1554,5
2058,5
2130,5
2184,5
2591,5
2601,5
2740,5
2965,5
3073,5
3151,5
3171,5
3251,5
3275,5
3292,5
3321,5
3331,5
3368,5
324,5
1461,5
194,5
210,5
222,5
224,5
250,5
277,5
401,5
434,5
494,5
593,5
631,5
647,5
804,5
830,5
857,5
950,5
1145,5
1159,5
1320,5
1364,5
1485,5
1513,5
1546,5
1558,5
1565,5
1572,5
1592,5
1665,5
1680,5
1682,5
1732,5
1757,5
1802,5
1904,5
1967,5
2019,5
2028,5
2180,5
2275,5
2314,5
2434,5
2439,5
2514,5
2614,5
2777,5
2862,5
2962,5
3207,5
3249,5
3351,5
142,5
676,5
1497,5
863,5
199,5
382,5
1655,5
2263,5
2798,5
1553,5
1065,5
28,5
3262,5
962,5
1796,5
1807,5
482,5
2210,5
3052,5
148,5
170,5
315,5
443,5
1170,5
1667,5
2111,5
2200,5
2837,5
3096,5
3134,5
3296,5
3336,5
3384,5
2447,5
118,5
197,5
216,5
228,5
255,5
268,5
337,5
380,5
387,5
396,5
400,5
437,5
488,5
510,5
586,5
591,5
690,5
715,5
740,5
761,5
770,5
781,5
787,5
821,5
849,5
908,5
944,5
947,5
998,5
1009,5
1022,5
1068,5
1076,5
1109,5
1119,5
1120,5
1126,5
1133,5
1138,5
1176,5
1210,5
1224,5
1261,5
1279,5
1281,5
1294,5
1314,5
1319,5
1399,5
1422,5
1450,5
1526,5
1647,5
1669,5
1744,5
1832,5
1897,5
1901,5
1963,5
2040,5
2050,5
2062,5
2116,5
2266,5
2308,5
2319,5
2337,5
2407,5
2416,5
2420,5
2452,5
2467,5
2487,5
2509,5
2638,5
2664,5
2668,5
2693,5
2710,5
2731,5
2737,5
2738,5
2754,5
2822,5
2832,5
2864,5
2875,5
2958,5
2976,5
3025,5
3074,5
3093,5
3098,5
3113,5
3122,5
127,5
132,5
145,5
154,5
157,5
158,5
162,5
173,5
175,5
183,5
184,5
196,5
206,5
207,5
214,5
218,5
226,5
232,5
233,5
236,5
237,5
239,5
245,5
246,5
252,5
259,5
264,5
266,5
273,5
297,5
302,5
318,5
319,5
330,5
344,5
346,5
352,5
360,5
381,5
389,5
392,5
415,5
418,5
422,5
426,5
439,5
444,5
450,5
455,5
456,5
457,5
462,5
471,5
478,5
479,5
485,5
500,5
513,5
543,5
547,5
549,5
565,5
570,5
579,5
584,5
595,5
600,5
603,5
608,5
611,5
613,5
616,5
627,5
628,5
634,5
642,5
643,5
650,5
655,5
657,5
661,5
664,5
672,5
677,5
692,5
693,5
704,5
705,5
720,5
721,5
726,5
729,5
737,5
746,5
757,5
769,5
771,5
779,5
780,5
784,5
785,5
797,5
802,5
806,5
822,5
826,5
835,5
841,5
844,5
853,5
862,5
876,5
881,5
894,5
896,5
899,5
905,5
925,5
931,5
952,5
965,5
975,5
988,5
990,5
991,5
996,5
999,5
1018,5
1020,5
1025,5
1032,5
1043,5
1047,5
1053,5
1056,5
1060,5
1062,5
1063,5
1083,5
1088,5
1095,5
1102,5
1103,5
1112,5
1123,5
1125,5
1146,5
1148,5
1161,5
1162,5
1165,5
1178,5
1184,5
1189,5
1191,5
1197,5
1202,5
1206,5
1212,5
1221,5
1228,5
1232,5
1248,5
1262,5
1269,5
1277,5
1292,5
1306,5
1316,5
1317,5
1323,5
1327,5
1331,5
1337,5
1353,5
1355,5
1361,5
1371,5
1381,5
1387,5
1391,5
1404,5
1421,5
1431,5
1435,5
1438,5
1443,5
1448,5
1462,5
1477,5
1481,5
1492,5
1500,5
1501,5
1510,5
1529,5
1530,5
1531,5
1538,5
1540,5
1552,5
1570,5
1575,5
1582,5
1593,5
1596,5
1602,5
1603,5
1618,5
1621,5
1628,5
1641,5
1653,5
1656,5
1672,5
1677,5
1678,5
1688,5
1697,5
1708,5
1709,5
1717,5
1719,5
1731,5
1747,5
1762,5
1763,5
1767,5
1783,5
1784,5
1795,5
1803,5
1814,5
1819,5
1827,5
1835,5
1837,5
1838,5
1848,5
1849,5
1858,5
1859,5
1876,5
1879,5
1885,5
1890,5
1892,5
1905,5
1924,5
1925,5
1928,5
1930,5
1935,5
1940,5
1947,5
1955,5
1969,5
1972,5
1978,5
1981,5
1984,5
1991,5
1998,5
2000,5
2003,5
2007,5
2012,5
2026,5
2030,5
2041,5
2045,5
2060,5
2069,5
2078,5
2086,5
2108,5
2110,5
2115,5
2123,5
2129,5
2139,5
2146,5
2151,5
2152,5
2154,5
2158,5
2161,5
2164,5
2181,5
2182,5
2197,5
2198,5
2202,5
2208,5
2211,5
2212,5
2213,5
2230,5
2237,5
2252,5
2255,5
2259,5
2260,5
2262,5
2278,5
2290,5
2306,5
2312,5
2320,5
2321,5
2335,5
2346,5
2352,5
2353,5
2358,5
2359,5
2369,5
2374,5
2375,5
2382,5
2388,5
2390,5
2394,5
2402,5
2406,5
2415,5
2418,5
2426,5
2440,5
2450,5
2458,5
2474,5
2488,5
2495,5
2501,5
2506,5
2511,5
2518,5
2524,5
2537,5
2538,5
2548,5
2551,5
2568,5
2573,5
2574,5
2575,5
2584,5
2592,5
2593,5
2617,5
2619,5
2624,5
2630,5
2644,5
2653,5
2670,5
2675,5
2678,5
2683,5
2685,5
2695,5
2699,5
2715,5
2716,5
2739,5
2742,5
2756,5
2764,5
2765,5
2773,5
2781,5
2786,5
2794,5
2797,5
2803,5
2811,5
2812,5
2831,5
2838,5
2839,5
2853,5
2859,5
2863,5
2871,5
2879,5
2881,5
2883,5
2901,5
2904,5
2906,5
3012,5
3029,5
3050,5
3058,5
3068,5
3084,5
3102,5
3123,5
3127,5
3145,5
3157,5
3172,5
3187,5
3290,5
149,5
186,5
227,5
282,5
289,5
393,5
869,5
1293,5
1550,5
2443,5
2829,5
2914,5
24,5
124,5
128,5
140,5
150,5
155,5
156,5
159,5
164,5
168,5
171,5
176,5
178,5
180,5
203,5
217,5
231,5
234,5
249,5
284,5
293,5
339,5
365,5
373,5
376,5
414,5
464,5
486,5
514,5
516,5
542,5
623,5
665,5
685,5
767,5
810,5
854,5
873,5
879,5
885,5
907,5
913,5
916,5
918,5
949,5
961,5
1041,5
1071,5
1085,5
1128,5
1166,5
1193,5
1226,5
1237,5
1267,5
1298,5
1318,5
1347,5
1385,5
1406,5
1414,5
1437,5
1454,5
1471,5
1517,5
1537,5
1543,5
1556,5
1560,5
1690,5
1756,5
1777,5
1782,5
1794,5
1874,5
1911,5
2029,5
2057,5
2093,5
2140,5
2192,5
2265,5
2284,5
2300,5
2301,5
2323,5
2332,5
2343,5
2404,5
2436,5
2482,5
2527,5
2536,5
2553,5
2577,5
2618,5
2628,5
2640,5
2645,5
2659,5
2677,5
2690,5
2707,5
2725,5
2726,5
2759,5
2762,5
2768,5
2776,5
2787,5
2802,5
2814,5
2824,5
2846,5
2873,5
2894,5
2895,5
2916,5
2933,5
2942,5
2954,5
2957,5
2995,5
3003,5
3007,5
3010,5
3019,5
3022,5
3032,5
3041,5
3046,5
3059,5
3060,5
3079,5
3080,5
3081,5
3087,5
3088,5
3092,5
3100,5
3106,5
3107,5
3114,5
3116,5
3130,5
3142,5
3146,5
3159,5
3162,5
3163,5
3176,5
3180,5
3191,5
3193,5
3204,5
3208,5
3233,5
3304,5
174,5
758,5
1283,5
1508,5
1816,5
1866,5
2095,5
2120,5
2408,5
2733,5
2800,5
3272,5
41,5
1877,5
2637,5
325,5
597,5
3199,5
778,5
970,5
1142,5
1429,5
1689,5
1692,5
1906,5
2133,5
978,5
1599,5
3141,5
689,5
973,5
1087,5
1182,5
1192,5
1466,5
1786,5
2454,5
2697,5
2698,5
3095,5
3184,5
22,5
292,5
303,5
575,5
974,5
1713,5
2861,5
2951,5
2988,5
3020,5
3065,5
3160,5
3217,5
3244,5
3305,5
3382,5
3399,5
80,5
97,5
143,5
247,5
427,5
433,5
765,5
812,5
904,5
1290,5
1365,5
1623,5
1654,5
1694,5
1810,5
1875,5
2101,5
2235,5
2817,5
3299,5
3201,5
3274,5
7,5
583,5
588,5
682,5
1058,5
1186,5
1194,5
1700,5
1729,5
1738,5
1808,5
1926,5
1950,5
2334,5
2613,5
2985,5
61,5
730,5
2438,5
3129,5
755,5
559,5
674,5
694,5
969,5
1046,5
1322,5
2246,5
2755,5
3062,5
3329,5
271,5
1472,5
1494,5
1562,5
1625,5
1642,5
1749,5
1801,5
1914,5
2036,5
2122,5
2459,5
2484,5
2526,5
2639,5
2799,5
2823,5
3219,5
3359,5
3133,5
242,5
2281,5
3089,5
3259,5
405,5
731,5
1077,5
1211,5
1304,5
1336,5
1345,5
1372,5
1390,5
1419,5
1515,5
1536,5
1941,5
1983,5
2079,5
2417,5
2497,5
2905,5
3230,5
3270,5
3279,5
3318,5
6563,5
316,5
3124,5
818,5
2279,5
2561,5
2226,5
2360,5
2425,5
1029,5
614,5
2492,5
688,5
3356,5
3248,5
2650,5
3000,5
561,5
3231,5
2885,5
2979,5
1000,5
3056,6
4934,6
5023,6
5091,6
5167,6
5248,6
5270,6
5447,6
5477,6
5527,6
5542,6
5638,6
5775,6
5777,6
5878,6
5901,6
5958,6
5970,6
6004,6
6005,6
6081,6
6242,6
4444,6
5213,6
4833,6
4891,6
4926,6
4955,6
5000,6
5024,6
5050,6
5074,6
5078,6
5079,6
5085,6
5087,6
5093,6
5095,6
5118,6
5140,6
5149,6
5150,6
5155,6
5156,6
5157,6
5245,6
5250,6
5254,6
5257,6
5274,6
5303,6
5345,6
5353,6
5364,6
5373,6
5390,6
5421,6
5432,6
5435,6
5446,6
5455,6
5456,6
5459,6
5472,6
5482,6
5528,6
5532,6
5534,6
5535,6
5540,6
5543,6
5551,6
5568,6
5596,6
5605,6
5606,6
5610,6
5612,6
5615,6
5635,6
5636,6
5660,6
5669,6
5687,6
5689,6
5710,6
5716,6
5718,6
5719,6
5733,6
5736,6
5763,6
5778,6
5783,6
5792,6
5799,6
5840,6
5859,6
5862,6
5869,6
5877,6
5886,6
5908,6
5964,6
5971,6
5977,6
5986,6
5997,6
6067,6
6069,6
6072,6
6073,6
6075,6
6079,6
6085,6
6088,6
6091,6
6095,6
6106,6
6108,6
6123,6
6158,6
6160,6
6163,6
6166,6
6173,6
6181,6
6183,6
6261,6
6476,6
6882,6
6953,6
7148,6
7153,6
7160,6
7163,6
7164,6
5071,6
4521,6
4601,6
4866,6
7024,6
4963,6
5101,6
5181,6
5693,6
5885,6
6037,6
6637,6
4859,6
4862,6
5205,6
5265,6
5526,6
5640,6
6009,6
6341,6
6696,6
6715,6
6759,6
6767,6
6778,6
6875,6
7045,6
4328,6
5186,6
5488,6
5489,6
6487,6
8529,6
4819,6
5313,6
5508,6
4915,6
6060,6
6574,6
6051,6
6232,6
6673,6
4842,6
4982,6
5473,6
5715,6
5742,6
5864,6
6125,6
6378,6
6653,6
6679,6
6711,6
6732,6
7006,6
7074,6
7085,6
4828,6
4830,6
4847,6
4860,6
4863,6
4868,6
4887,6
4892,6
4894,6
4911,6
4932,6
4952,6
4971,6
4989,6
4991,6
4992,6
5003,6
5004,6
5011,6
5014,6
5016,6
5044,6
5045,6
5048,6
5053,6
5056,6
5065,6
5070,6
5075,6
5077,6
5081,6
5083,6
5088,6
5099,6
5100,6
5102,6
5123,6
5131,6
5145,6
5146,6
5153,6
5162,6
5164,6
5165,6
5168,6
5172,6
5173,6
5176,6
5180,6
5199,6
5206,6
5207,6
5218,6
5230,6
5235,6
5243,6
5247,6
5260,6
5263,6
5264,6
5267,6
5269,6
5273,6
5276,6
5285,6
5300,6
5310,6
5329,6
5339,6
5343,6
5344,6
5346,6
5357,6
5359,6
5361,6
5366,6
5367,6
5369,6
5370,6
5372,6
5380,6
5389,6
5398,6
5399,6
5411,6
5423,6
5424,6
5437,6
5443,6
5444,6
5448,6
5451,6
5461,6
5464,6
5486,6
5495,6
5502,6
5504,6
5510,6
5511,6
5521,6
5523,6
5524,6
5538,6
5541,6
5548,6
5549,6
5577,6
5581,6
5588,6
5608,6
5616,6
5617,6
5619,6
5621,6
5625,6
5626,6
5628,6
5629,6
5630,6
5643,6
5645,6
5651,6
5674,6
5691,6
5692,6
5696,6
5702,6
5705,6
5706,6
5722,6
5728,6
5730,6
5738,6
5762,6
5765,6
5770,6
5772,6
5782,6
5794,6
5803,6
5821,6
5827,6
5829,6
5843,6
5844,6
5856,6
5858,6
5866,6
5867,6
5883,6
5884,6
5888,6
5889,6
5891,6
5895,6
5907,6
5910,6
5918,6
5940,6
5961,6
5962,6
5966,6
5967,6
5969,6
5976,6
5982,6
5990,6
6002,6
6007,6
6008,6
6012,6
6013,6
6020,6
6040,6
6042,6
6063,6
6065,6
6070,6
6074,6
6078,6
6087,6
6094,6
6103,6
6112,6
6144,6
6159,6
6172,6
6174,6
6178,6
6220,6
6256,6
6299,6
6312,6
6319,6
6324,6
6332,6
6335,6
6629,6
6632,6
6688,6
6806,6
6823,6
6842,6
6888,6
6923,6
6937,6
6940,6
6947,6
6957,6
7019,6
7025,6
7031,6
7038,6
7041,6
7053,6
7101,6
7110,6
7155,6
7157,6
7159,6
6336,6
5460,6
5545,6
5665,6
5787,6
5800,6
5973,6
5992,6
6039,6
6084,6
7140,6
5238,6
4824,6
4850,6
4858,6
4874,6
4875,6
4913,6
4921,6
4922,6
4925,6
4948,6
4949,6
4957,6
4962,6
4965,6
4972,6
4999,6
5005,6
5007,6
5009,6
5021,6
5022,6
5057,6
5058,6
5063,6
5068,6
5076,6
5114,6
5121,6
5126,6
5133,6
5135,6
5141,6
5158,6
5160,6
5198,6
5217,6
5226,6
5239,6
5295,6
5304,6
5314,6
5318,6
5333,6
5335,6
5393,6
5412,6
5413,6
5417,6
5422,6
5431,6
5440,6
5478,6
5490,6
5499,6
5505,6
5517,6
5519,6
5537,6
5555,6
5561,6
5570,6
5574,6
5583,6
5591,6
5593,6
5661,6
5663,6
5666,6
5678,6
5679,6
5680,6
5685,6
5698,6
5708,6
5712,6
5713,6
5743,6
5749,6
5764,6
5766,6
5836,6
5854,6
5861,6
5876,6
5880,6
5898,6
5913,6
5927,6
5941,6
5943,6
5944,6
5946,6
5953,6
5984,6
5995,6
6018,6
6029,6
6031,6
6035,6
6045,6
6048,6
6053,6
6059,6
6068,6
6105,6
6109,6
6113,6
6127,6
6129,6
6137,6
6138,6
6139,6
6145,6
6151,6
6165,6
6169,6
6234,6
6243,6
6245,6
6257,6
6272,6
6294,6
6305,6
6309,6
6313,6
6321,6
6333,6
6346,6
6349,6
6362,6
6364,6
6372,6
6382,6
6395,6
6396,6
6399,6
6400,6
6407,6
6416,6
6424,6
6439,6
6450,6
6453,6
6459,6
6517,6
6537,6
6552,6
6561,6
6652,6
6719,6
6810,6
6820,6
6840,6
6843,6
6852,6
6868,6
6872,6
6883,6
6950,6
6962,6
6975,6
7043,6
7054,6
7055,6
7056,6
7058,6
7089,6
7090,6
7106,6
7112,6
7114,6
7120,6
7165,6
5215,6
5408,6
6050,6
6248,6
6414,6
6472,6
7065,6
5163,6
5975,6
4359,6
4837,6
3704,6
4826,6
4829,6
4831,6
4839,6
4872,6
4886,6
4890,6
4908,6
4916,6
4927,6
4946,6
4966,6
4986,6
4994,6
4997,6
5040,6
5066,6
5072,6
5089,6
5107,6
5115,6
5144,6
5151,6
5152,6
5170,6
5196,6
5200,6
5201,6
5219,6
5237,6
5244,6
5289,6
5290,6
5291,6
5302,6
5307,6
5316,6
5319,6
5324,6
5336,6
5337,6
5375,6
5387,6
5388,6
5406,6
5418,6
5462,6
5481,6
5483,6
5487,6
5491,6
5498,6
5503,6
5550,6
5560,6
5562,6
5563,6
5571,6
5573,6
5603,6
5622,6
5631,6
5637,6
5639,6
5647,6
5649,6
5664,6
5695,6
5714,6
5721,6
5725,6
5727,6
5732,6
5752,6
5773,6
5786,6
5789,6
5790,6
5793,6
5819,6
5825,6
5826,6
5863,6
5874,6
5882,6
5890,6
5894,6
5900,6
5915,6
5919,6
5939,6
5972,6
5987,6
5991,6
5993,6
5994,6
6003,6
6023,6
6028,6
6083,6
6089,6
6092,6
6097,6
6100,6
6102,6
6110,6
6118,6
6120,6
6121,6
6154,6
6161,6
6162,6
6164,6
6182,6
6187,6
6196,6
6197,6
6199,6
6200,6
6205,6
6226,6
6229,6
6254,6
6279,6
6286,6
6287,6
6298,6
6303,6
6322,6
6328,6
6348,6
6350,6
6366,6
6368,6
6374,6
6385,6
6387,6
6402,6
6435,6
6478,6
6485,6
6506,6
6509,6
6521,6
6522,6
6529,6
6535,6
6536,6
6542,6
6550,6
6558,6
6580,6
6584,6
6614,6
6627,6
6628,6
6631,6
6640,6
6643,6
6650,6
6703,6
6708,6
6787,6
6808,6
6819,6
6832,6
6837,6
6844,6
6850,6
6861,6
6871,6
6879,6
6881,6
6894,6
6906,6
6922,6
6924,6
6935,6
6939,6
6948,6
6994,6
6996,6
7004,6
7021,6
7030,6
7036,6
7047,6
7048,6
7067,6
7075,6
7126,6
7142,6
7143,6
7145,6
7146,6
7156,6
129,6
3167,6
4670,6
4822,6
4823,6
4825,6
4827,6
4832,6
4840,6
4841,6
4843,6
4844,6
4845,6
4846,6
4848,6
4854,6
4855,6
4856,6
4857,6
4861,6
4864,6
4867,6
4870,6
4871,6
4877,6
4878,6
4879,6
4880,6
4881,6
4882,6
4885,6
4889,6
4893,6
4895,6
4897,6
4898,6
4900,6
4901,6
4905,6
4917,6
4918,6
4919,6
4920,6
4923,6
4924,6
4928,6
4929,6
4930,6
4935,6
4937,6
4940,6
4942,6
4943,6
4944,6
4945,6
4947,6
4951,6
4956,6
4958,6
4960,6
4961,6
4964,6
4970,6
4978,6
4980,6
4983,6
4990,6
4993,6
4995,6
4996,6
4998,6
5001,6
5002,6
5006,6
5010,6
5012,6
5013,6
5018,6
5019,6
5026,6
5032,6
5034,6
5036,6
5037,6
5041,6
5046,6
5047,6
5049,6
5052,6
5054,6
5055,6
5059,6
5061,6
5062,6
5064,6
5067,6
5069,6
5073,6
5084,6
5086,6
5092,6
5094,6
5096,6
5097,6
5104,6
5111,6
5112,6
5113,6
5116,6
5119,6
5124,6
5125,6
5127,6
5128,6
5129,6
5130,6
5132,6
5134,6
5137,6
5139,6
5142,6
5147,6
5154,6
5166,6
5169,6
5178,6
5203,6
5204,6
5208,6
5209,6
5212,6
5214,6
5216,6
5220,6
5221,6
5223,6
5224,6
5225,6
5227,6
5231,6
5232,6
5242,6
5251,6
5253,6
5255,6
5256,6
5258,6
5278,6
5283,6
5286,6
5305,6
5309,6
5311,6
5312,6
5315,6
5317,6
5321,6
5322,6
5326,6
5330,6
5331,6
5332,6
5338,6
5340,6
5342,6
5347,6
5350,6
5356,6
5358,6
5360,6
5371,6
5377,6
5391,6
5394,6
5395,6
5396,6
5397,6
5401,6
5402,6
5403,6
5404,6
5405,6
5407,6
5409,6
5415,6
5416,6
5419,6
5425,6
5426,6
5427,6
5429,6
5430,6
5433,6
5434,6
5436,6
5453,6
5458,6
5470,6
5474,6
5475,6
5484,6
5492,6
5493,6
5494,6
5496,6
5497,6
5500,6
5501,6
5506,6
5507,6
5509,6
5512,6
5513,6
5515,6
5516,6
5518,6
5522,6
5529,6
5530,6
5531,6
5536,6
5544,6
5546,6
5552,6
5554,6
5556,6
5558,6
5564,6
5565,6
5566,6
5567,6
5572,6
5575,6
5576,6
5578,6
5579,6
5580,6
5582,6
5584,6
5586,6
5587,6
5589,6
5592,6
5598,6
5600,6
5611,6
5620,6
5624,6
5627,6
5632,6
5633,6
5634,6
5642,6
5644,6
5646,6
5657,6
5658,6
5667,6
5668,6
5671,6
5672,6
5673,6
5675,6
5676,6
5677,6
5681,6
5682,6
5683,6
5684,6
5686,6
5688,6
5690,6
5694,6
5697,6
5699,6
5711,6
5723,6
5724,6
5726,6
5741,6
5745,6
5757,6
5759,6
5760,6
5768,6
5769,6
5771,6
5776,6
5779,6
5780,6
5781,6
5805,6
5806,6
5810,6
5812,6
5822,6
5824,6
5828,6
5832,6
5835,6
5837,6
5838,6
5839,6
5842,6
5845,6
5846,6
5847,6
5848,6
5849,6
5850,6
5852,6
5853,6
5855,6
5857,6
5865,6
5868,6
5872,6
5879,6
5897,6
5903,6
5904,6
5905,6
5914,6
5920,6
5921,6
5926,6
5928,6
5929,6
5930,6
5934,6
5935,6
5936,6
5937,6
5938,6
5942,6
5945,6
5947,6
5948,6
5949,6
5951,6
5952,6
5954,6
5955,6
5956,6
5957,6
5965,6
5968,6
5978,6
5980,6
5983,6
5985,6
5996,6
5998,6
6001,6
6014,6
6015,6
6017,6
6019,6
6021,6
6025,6
6033,6
6038,6
6043,6
6044,6
6046,6
6047,6
6049,6
6052,6
6054,6
6055,6
6056,6
6057,6
6061,6
6062,6
6071,6
6076,6
6080,6
6090,6
6093,6
6101,6
6104,6
6107,6
6114,6
6119,6
6128,6
6130,6
6131,6
6133,6
6134,6
6135,6
6140,6
6141,6
6142,6
6143,6
6146,6
6147,6
6149,6
6153,6
6155,6
6156,6
6157,6
6167,6
6168,6
6177,6
6179,6
6180,6
6184,6
6188,6
6190,6
6208,6
6219,6
6222,6
6224,6
6225,6
6228,6
6230,6
6231,6
6233,6
6235,6
6236,6
6237,6
6238,6
6239,6
6240,6
6241,6
6246,6
6249,6
6250,6
6251,6
6252,6
6253,6
6255,6
6262,6
6264,6
6265,6
6266,6
6267,6
6270,6
6273,6
6277,6
6278,6
6280,6
6283,6
6284,6
6291,6
6295,6
6297,6
6300,6
6302,6
6304,6
6307,6
6308,6
6311,6
6318,6
6320,6
6323,6
6326,6
6327,6
6334,6
6337,6
6338,6
6340,6
6345,6
6354,6
6356,6
6358,6
6360,6
6365,6
6373,6
6380,6
6381,6
6383,6
6384,6
6389,6
6390,6
6391,6
6392,6
6393,6
6394,6
6403,6
6404,6
6408,6
6409,6
6419,6
6420,6
6422,6
6423,6
6425,6
6428,6
6429,6
6430,6
6433,6
6434,6
6437,6
6442,6
6445,6
6454,6
6455,6
6456,6
6458,6
6460,6
6461,6
6465,6
6468,6
6471,6
6475,6
6479,6
6480,6
6481,6
6482,6
6488,6
6489,6
6494,6
6496,6
6502,6
6504,6
6508,6
6510,6
6514,6
6515,6
6516,6
6518,6
6519,6
6523,6
6526,6
6531,6
6534,6
6538,6
6543,6
6545,6
6549,6
6551,6
6554,6
6556,6
6560,6
6579,6
6581,6
6582,6
6583,6
6585,6
6586,6
6607,6
6608,6
6611,6
6612,6
6613,6
6621,6
6624,6
6630,6
6633,6
6635,6
6639,6
6641,6
6642,6
6645,6
6655,6
6656,6
6658,6
6659,6
6674,6
6675,6
6676,6
6678,6
6693,6
6710,6
6727,6
6739,6
6743,6
6760,6
6779,6
6781,6
6782,6
6785,6
6789,6
6797,6
6807,6
6814,6
6815,6
6817,6
6818,6
6821,6
6824,6
6825,6
6828,6
6831,6
6833,6
6835,6
6838,6
6839,6
6853,6
6854,6
6855,6
6859,6
6866,6
6867,6
6869,6
6873,6
6877,6
6880,6
6886,6
6890,6
6891,6
6892,6
6895,6
6898,6
6902,6
6907,6
6910,6
6912,6
6914,6
6915,6
6916,6
6917,6
6918,6
6919,6
6921,6
6925,6
6926,6
6927,6
6929,6
6930,6
6931,6
6932,6
6934,6
6936,6
6938,6
6941,6
6942,6
6943,6
6949,6
6951,6
6959,6
6960,6
6963,6
6967,6
6969,6
6972,6
6978,6
6980,6
6981,6
6983,6
6985,6
6987,6
6988,6
6990,6
6991,6
6997,6
6999,6
7002,6
7003,6
7005,6
7007,6
7009,6
7010,6
7012,6
7013,6
7014,6
7015,6
7016,6
7017,6
7020,6
7022,6
7023,6
7027,6
7028,6
7029,6
7032,6
7033,6
7035,6
7039,6
7040,6
7042,6
7044,6
7046,6
7049,6
7050,6
7051,6
7052,6
7057,6
7059,6
7060,6
7061,6
7066,6
7079,6
7082,6
7083,6
7084,6
7091,6
7092,6
7093,6
7094,6
7095,6
7098,6
7100,6
7102,6
7104,6
7107,6
7109,6
7111,6
7116,6
7117,6
7118,6
7119,6
7131,6
7134,6
7138,6
7151,6
7154,6
7158,6
7167,6
4835,6
4899,6
4987,6
5017,6
5035,6
5042,6
5043,6
5148,6
5184,6
5187,6
5192,6
5222,6
5259,6
5268,6
5280,6
5363,6
5374,6
5383,6
5386,6
5485,6
5559,6
5654,6
5731,6
5754,6
5892,6
5902,6
5922,6
5931,6
6096,6
6189,6
6221,6
6227,6
6288,6
6290,6
6310,6
6316,6
6369,6
6370,6
6371,6
6375,6
6377,6
6379,6
6405,6
6412,6
6417,6
6436,6
6440,6
6452,6
6473,6
6474,6
6490,6
6492,6
6493,6
6495,6
6501,6
6520,6
6540,6
6649,6
6680,6
6691,6
6728,6
6734,6
6752,6
6783,6
6784,6
6786,6
6793,6
6913,6
6968,6
6984,6
7063,6
7069,6
7086,6
7122,6
7129,6
3383,6
4098,6
4559,6
5033,6
5110,6
5122,6
5246,6
5249,6
5288,6
5594,6
5735,6
5804,6
5823,6
5963,6
6098,6
6148,6
6212,6
6343,6
6401,6
6426,6
6497,6
6648,6
6747,6
6812,6
6816,6
6829,6
6887,6
6911,6
6989,6
6992,6
7077,6
7141,6
4851,6
4869,6
4888,6
4910,6
4912,6
4976,6
5020,6
5143,6
5197,6
5229,6
5287,6
5382,6
5385,6
5465,6
5480,6
5597,6
5652,6
5655,6
5670,6
5729,6
5755,6
5798,6
5925,6
6132,6
6191,6
6192,6
6193,6
6194,6
6201,6
6244,6
6361,6
6418,6
6483,6
6634,6
6664,6
6723,6
6748,6
6766,6
6822,6
6900,6
6904,6
6954,6
6956,6
7064,6
7081,6
7088,6
7130,6
7133,6
7137,6
6344,6
4243,6
3909,6
4144,6
4612,6
4680,6
4876,6
4906,6
5136,6
5161,6
5236,6
5252,6
5261,6
5281,6
5284,6
5348,6
5349,6
5352,6
5362,6
5365,6
5420,6
5441,6
5442,6
5445,6
5452,6
5466,6
5467,6
5525,6
5533,6
5590,6
5595,6
5599,6
5607,6
5613,6
5659,6
5700,6
5701,6
5704,6
5707,6
5709,6
5717,6
5784,6
5785,6
5788,6
5795,6
5797,6
5813,6
5860,6
5871,6
5873,6
5875,6
5896,6
5959,6
5960,6
5974,6
5981,6
5989,6
6011,6
6066,6
6099,6
6152,6
6171,6
6175,6
6211,6
6285,6
6626,6
7103,6
7162,6
5194,6
6505,6
7139,6
5906,6
8413,6
4179,6
4884,6
5106,6
5297,6
6525,6
6681,6
4907,6
5381,6
7135,6
4909,6
5109,6
5923,6
6207,6
6884,6
5015,6
5604,6
5614,6
7679,6
5080,6
8195,6
4903,7
7200,7
7224,7
7229,7
7286,7
7639,7
7665,7
7741,7
7855,7
7735,7
7175,7
7179,7
7211,7
7212,7
7250,7
7261,7
7313,7
7347,7
7375,7
7419,7
7438,7
7454,7
7464,7
7481,7
7517,7
7605,7
7607,7
3672,7
6870,7
7168,7
7170,7
7171,7
7172,7
7173,7
7174,7
7176,7
7178,7
7180,7
7181,7
7182,7
7183,7
7184,7
7185,7
7186,7
7189,7
7190,7
7191,7
7193,7
7194,7
7195,7
7196,7
7198,7
7199,7
7201,7
7202,7
7203,7
7204,7
7205,7
7206,7
7207,7
7209,7
7210,7
7213,7
7214,7
7216,7
7217,7
7218,7
7219,7
7220,7
7221,7
7223,7
7225,7
7227,7
7228,7
7230,7
7231,7
7232,7
7233,7
7234,7
7236,7
7237,7
7238,7
7239,7
7240,7
7241,7
7243,7
7244,7
7245,7
7246,7
7247,7
7251,7
7252,7
7253,7
7254,7
7255,7
7256,7
7258,7
7260,7
7262,7
7264,7
7265,7
7266,7
7267,7
7269,7
7270,7
7271,7
7272,7
7274,7
7275,7
7276,7
7277,7
7278,7
7279,7
7280,7
7281,7
7282,7
7283,7
7284,7
7285,7
7287,7
7288,7
7289,7
7291,7
7293,7
7294,7
7295,7
7296,7
7299,7
7301,7
7302,7
7303,7
7306,7
7308,7
7309,7
7310,7
7312,7
7314,7
7315,7
7317,7
7318,7
7320,7
7323,7
7325,7
7326,7
7327,7
7328,7
7329,7
7331,7
7332,7
7333,7
7337,7
7338,7
7339,7
7340,7
7341,7
7342,7
7343,7
7344,7
7346,7
7348,7
7349,7
7350,7
7351,7
7352,7
7353,7
7356,7
7357,7
7359,7
7361,7
7364,7
7365,7
7366,7
7367,7
7368,7
7369,7
7371,7
7372,7
7376,7
7377,7
7378,7
7379,7
7381,7
7383,7
7384,7
7385,7
7386,7
7387,7
7389,7
7390,7
7391,7
7392,7
7394,7
7396,7
7397,7
7398,7
7399,7
7400,7
7401,7
7402,7
7403,7
7404,7
7405,7
7406,7
7407,7
7408,7
7410,7
7411,7
7413,7
7415,7
7416,7
7420,7
7421,7
7422,7
7424,7
7425,7
7427,7
7428,7
7431,7
7432,7
7435,7
7437,7
7441,7
7442,7
7443,7
7444,7
7446,7
7447,7
7448,7
7449,7
7450,7
7451,7
7452,7
7455,7
7456,7
7458,7
7460,7
7461,7
7462,7
7465,7
7466,7
7467,7
7468,7
7469,7
7470,7
7475,7
7476,7
7477,7
7478,7
7479,7
7483,7
7484,7
7486,7
7487,7
7488,7
7489,7
7491,7
7492,7
7494,7
7496,7
7498,7
7501,7
7503,7
7504,7
7505,7
7506,7
7507,7
7508,7
7509,7
7512,7
7513,7
7514,7
7515,7
7516,7
7519,7
7521,7
7523,7
7525,7
7530,7
7533,7
7534,7
7536,7
7539,7
7545,7
7546,7
7547,7
7548,7
7549,7
7550,7
7551,7
7552,7
7551,7
7557,7
7560,7
7572,7
7575,7
7583,7
7587,7
7593,7
7594,7
7598,7
7601,7
7602,7
7604,7
7606,7
7611,7
7613,7
7616,7
7617,7
7620,7
7622,7
7626,7
7628,7
7629,7
7634,7
7640,7
7641,7
7642,7
7647,7
7650,7
7666,7
7676,7
7685,7
7702,7
7703,7
7709,7
7710,7
7719,7
7727,7
7737,7
7738,7
7743,7
7749,7
7753,7
7760,7
7761,7
7762,7
7765,7
7766,7
7767,7
7768,7
7769,7
7770,7
7774,7
7775,7
7777,7
7779,7
7780,7
7781,7
7782,7
7784,7
7785,7
7786,7
7787,7
7788,7
7789,7
7790,7
7791,7
7792,7
7793,7
7794,7
7795,7
7796,7
7797,7
7798,7
7799,7
7800,7
7801,7
7802,7
7803,7
7804,7
7806,7
7807,7
7808,7
7809,7
7810,7
7811,7
7812,7
7813,7
7814,7
7817,7
7819,7
7821,7
7826,7
7827,7
7829,7
7830,7
7831,7
7832,7
7833,7
7836,7
7837,7
7839,7
7840,7
7841,7
7842,7
7843,7
7844,7
7846,7
7847,7
7848,7
7849,7
7850,7
7851,7
7852,7
7853,7
7854,7
7856,7
7857,7
7858,7
7859,7
7860,7
7862,7
7863,7
7864,7
7866,7
7867,7
7868,7
7869,7
7870,7
7871,7
7872,7
7873,7
7875,7
7876,7
7877,7
7878,7
7879,7
7880,7
7881,7
7883,7
7885,7
7886,7
7888,7
7889,7
7891,7
7892,7
7893,7
7895,7
7896,7
7897,7
7898,7
7899,7
7900,7
7902,7
7903,7
7904,7
7906,7
7907,7
7910,7
7913,7
7915,7
7917,7
7918,7
7919,7
7920,7
7921,7
7922,7
7923,7
7925,7
7926,7
7927,7
7928,7
7929,7
7931,7
7932,7
7933,7
7934,7
7936,7
7937,7
7938,7
7939,7
7940,7
7942,7
7943,7
7944,7
7945,7
7947,7
7950,7
7951,7
7952,7
7955,7
7956,7
7957,7
7959,7
7962,7
7963,7
7964,7
7966,7
7967,7
7968,7
7970,7
7971,7
7972,7
7973,7
7975,7
7976,7
8322,7
8389,7
7197,7
7208,7
7215,7
7305,7
7354,7
7426,7
7430,7
7457,7
7471,7
7474,7
7499,7
7528,7
7582,7
7636,7
7637,7
7304,7
7482,7
7693,7
7742,7
7744,7
7355,7
7643,7
7522,7
7537,7
7603,7
7746,7
7192,7
7226,7
7235,7
7316,7
7388,7
7423,7
7429,7
7433,7
7472,7
7480,7
7493,7
7502,7
7511,7
7542,7
7561,7
7570,7
7597,7
7621,7
7656,7
7755,7
7861,7
7292,7
7434,7
7662,7
7695,7
7726,7
7750,7
7497,7
7586,7
7609,7
7638,7
7673,7
7440,7
7485,7
7700,7
7714,7
7268,7
7298,7
7439,7
7259,7
7222,7
7510,7
7412,7
7490,7
7558,7
7574,7
7576,7
7646,7
7731,7
7736,7
7815,7
7382,7
7543,7
7553,7
7559,7
7633,7
7599,7
7651,7
7395,7
7473,7
7618,7
7635,7
7734,7
7949,7
7345,7
7436,7
7540,7
7692,7
7698,7
7708,7
7715,7
7717,7
7723,7
7759,7
7783,7
7311,7
7334,7
7567,7
7615,7
7627,7
7655,7
7690,7
7725,7
7745,7
7874,7
7360,7
7374,7
7307,7
7417,7
7588,7
7187,7
7380,7
7414,7
7418,7
7571,7
7600,7
7652,7
7687,7
7751,7
7661,7
7683,7
7887,7
7273,7
7526,7
7565,7
7579,7
7614,7
7625,7
7663,7
7675,7
7699,7
7720,7
7776,7
7818,7
7672,7
7728,7
7756,7
7778,7
7835,7
7459,7
7653,7
7664,7
7865,7
6644,7
7409,7
7321,7
7362,7
7585,7
7648,7
7686,7
7701,7
7773,7
