6455,1
5201,1
5259,1
2830,1
2198,1
170,1
73,1
1515,1
1956,1
3199,1
6296,1
443,1
7524,1
4963,1
2574,1
2553,1
3233,1
171,1
2626,1
3114,1
303,1
2081,1
2111,1
161,1
287,1
1222,1
1561,1
2052,1
2330,1
2749,1
3061,1
3376,1
26,1
61,1
315,1
597,1
1454,1
2908,1
3168,1
3382,1
105,1
3196,1
3204,1
2491,1
2410,1
965,1
1193,1
1348,1
3180,1
176,1
149,1
1347,1
133,1
2591,1
185,1
604,1
1334,1
1722,1
3020,1
47,1
53,1
82,1
126,1
1079,1
2096,1
3004,1
3140,1
3322,1
3408,1
0,1
71,1
181,1
3195,1
520,1
5539,1
3142,1
1759,1
634,1
6933,1
5124,1
5559,1
4840,1
5041,1
6898,1
6468,1
6490,1
1859,1
124,1
1286,1
3040,1
334,1
1898,1
3226,1
2620,1
3016,1
3111,1
5750,1
7085,1
7169,1
683,1
1247,1
486,1
2837,1
2729,1
4982,1
4916,1
5166,1
5391,1
5903,1
6019,1
6054,1
6475,1
6624,1
6869,1
6981,1
7071,1
6540,1
672,1
2659,1
1223,1
308,1
2722,1
2913,1
2990,1
3369,1
6082,1
6421,1
195,1
924,1
5092,1
5178,1
5564,1
5611,1
5732,1
5789,1
6014,1
6365,1
6787,1
6789,1
6821,1
6867,1
6608,1
6727,1
6584,1
5291,1
5755,1
6664,1
6906,1
6979,1
7133,1
7136,1
4835,1
5473,1
5892,1
5979,1
6316,1
6412,1
6492,1
6520,1
6769,1
5491,1
6662,1
7008,1
4823,1
4893,1
4943,1
5001,1
5127,1
5278,1
5530,1
5711,1
5745,1
5839,1
5857,1
5928,1
6016,1
6033,1
6049,1
6192,1
6259,1
6264,1
6265,1
6404,1
6422,1
6423,1
6515,1
6534,1
6554,1
6580,1
6621,1
6659,1
6674,1
6710,1
6735,1
6785,1
6833,1
6916,1
6956,1
6959,1
7072,1
7109,1
7134,1
5378,1
5776,1
5828,1
7080,1
6526,1
6905,1
5287,1
5484,1
4942,1
5820,1
5994,1
6281,1
7052,1
7130,1
6493,1
6530,1
6653,1
6728,1
6793,1
6856,1
7078,1
6672,1
3537,1
3726,1
3926,1
4201,1
4675,1
3711,1
3872,1
3920,1
4377,1
3550,1
3621,1
3697,1
3736,1
3771,1
3799,1
3807,1
3829,1
3854,1
3887,1
3953,1
4360,1
4519,1
4792,1
4817,1
3587,1
3805,1
4466,1
4720,1
4745,1
4785,1
3445,1
3459,1
3486,1
3557,1
3663,1
3778,1
3801,1
3866,1
3883,1
3924,1
3941,1
4076,1
4079,1
4197,1
4496,1
4529,1
4637,1
4734,1
4743,1
4773,1
3592,1
3909,1
4216,1
3642,1
4521,1
3691,1
4138,1
4139,1
4140,1
4190,1
8382,1
152,1
3813,1
4368,1
6671,1
4146,1
6466,1
3878,1
6513,1
7981,1
8043,1
5240,1
3427,1
4188,1
4296,1
4341,1
4383,1
6660,1
7128,1
8052,1
8394,1
8435,1
8078,1
1818,1
5774,1
5296,1
179,1
1870,1
2469,1
11,1
587,1
635,1
930,1
983,1
1305,1
1441,1
1817,1
1830,1
1857,1
2170,1
2282,1
2917,1
3242,1
3280,1
3337,1
3349,1
3411,1
4836,1
4973,1
6064,1
6258,1
6467,1
6486,1
6618,1
6692,1
6698,1
6702,1
6754,1
6775,1
6826,1
7335,1
7445,1
7544,1
7554,1
7558,1
7588,1
7600,1
7659,1
7751,1
7763,1
7828,1
7953,1
7977,1
8015,1
8205,1
225,1
5148,1
6548,1
3443,1
3484,1
3720,1
3877,1
4540,1
8017,1
3547,1
3560,1
3789,1
3793,1
3844,1
3857,1
3875,1
3885,1
3895,1
3898,1
3915,1
4058,1
4123,1
4136,1
3552,1
3597,1
3635,1
3837,1
4249,1
8072,1
8533,1
4162,1
4279,1
4329,1
6665,1
8298,1
8300,1
8395,1
4460,1
4152,1
3693,1
4158,1
4601,1
6802,1
8163,1
3892,1
4211,1
4819,1
5489,1
7463,1
7996,1
8013,1
8022,1
8045,1
8070,1
3583,1
7409,1
4114,1
8076,1
2305,1
3588,1
3640,1
4254,1
3595,1
4630,1
7980,1
8036,1
8050,1
8087,1
8110,1
8148,1
8192,1
8363,1
8370,1
8392,1
8396,1
8404,1
8424,1
8426,1
8451,1
8452,1
8564,1
798,1
907,1
1930,1
2404,1
3107,1
6562,1
4155,1
6725,1
8020,1
8556,1
221,1
957,1
1704,1
2928,1
3190,1
3831,1
4316,1
7096,1
8033,1
8060,1
8547,1
1008,1
4007,1
4410,1
8439,1
3682,1
3797,1
3841,1
3893,1
3894,1
3981,1
5618,1
8032,1
2991,1
3260,1
3273,1
3361,1
3741,1
3748,1
3905,1
3922,1
4021,1
4209,1
7144,1
7993,1
8522,1
134,1
311,1
1367,1
1550,1
1957,1
2130,1
2184,1
2783,1
2965,1
2971,1
3031,1
3368,1
3379,1
3426,1
3739,1
4143,1
4172,1
4263,1
4297,1
4381,1
4614,1
4707,1
4710,1
8039,1
8058,1
8071,1
8079,1
8225,1
8310,1
8344,1
8534,1
8557,1
8561,1
117,1
606,1
4247,1
8025,1
8030,1
8215,1
8563,1
148,1
929,1
4914,1
7001,1
8126,1
8227,1
3599,1
7982,1
8414,1
8473,1
7581,1
8168,1
2087,1
4425,1
8002,1
8041,1
8159,1
8314,1
8342,1
8350,1
8369,1
8546,1
6897,1
8075,1
534,1
3229,1
3331,1
2601,1
123,1
572,1
763,1
878,1
6717,1
554,1
1698,1
1861,1
2935,1
3045,1
3342,1
3732,1
5662,1
5747,1
5841,1
6111,1
6500,1
6547,1
6575,1
6657,1
6687,1
6699,1
6770,1
6795,1
6964,1
6973,1
7108,1
7336,1
7414,1
7624,1
7653,1
7654,1
7664,1
7667,1
7668,1
7686,1
7773,1
7816,1
7838,1
7865,1
7884,1
8465,1
6126,1
6685,1
3071,1
1548,1
2945,1
3284,1
7360,1
7671,1
7740,1
7778,1
3100,1
128,1
155,1
159,1
184,1
317,1
1041,1
1160,1
1556,1
1782,1
1925,1
2082,1
2346,1
2957,1
40,1
52,1
68,1
76,1
107,1
122,1
135,1
138,1
163,1
167,1
188,1
244,1
285,1
525,1
556,1
681,1
764,1
979,1
1074,1
1092,1
1233,1
1363,1
1369,1
1380,1
1444,1
1630,1
1746,1
1758,1
1831,1
2067,1
2294,1
2370,1
2384,1
2393,1
2397,1
2424,1
2772,1
3039,1
3042,1
3044,1
3164,1
3165,1
3185,1
3185,1
3194,1
3206,1
3210,1
3211,1
3218,1
3221,1
3247,1
3256,1
3264,1
3278,1
3291,1
3301,1
3344,1
3391,1
3838,1
3839,1
4498,1
4655,1
4904,1
4954,1
5108,1
5272,1
5341,1
5748,1
5767,1
5801,1
5830,1
5833,1
5924,1
6024,1
6176,1
6198,1
6202,1
6218,1
6330,1
6446,1
6451,1
6559,1
6567,1
6589,1
6599,1
6620,1
6661,1
6686,1
6690,1
6704,1
6709,1
6721,1
6751,1
6757,1
6773,1
6803,1
6827,1
6830,1
6834,1
6909,1
6920,1
6965,1
6982,1
7152,1
7177,1
7321,1
7374,1
7518,1
7520,1
7529,1
7538,1
7562,1
7563,1
7610,1
7623,1
8038,1
8044,1
8054,1
8077,1
8081,1
8091,1
8093,1
8099,1
8100,1
8122,1
8123,1
8128,1
8139,1
8223,1
8230,1
8239,1
8278,1
8279,1
8294,1
8303,1
8327,1
8338,1
8386,1
8409,1
8425,1
8437,1
8454,1
8459,1
8479,1
8512,1
8524,1
8553,1
8554,1
8565,1
4,1
44,1
67,1
702,1
1541,1
1605,1
1663,1
1902,1
2173,1
2603,1
3021,1
3252,1
3276,1
3324,1
3345,1
3346,1
3354,1
3357,1
3377,1
4020,1
4069,1
6030,1
6122,1
6670,1
6682,1
6684,1
6742,1
7263,1
7297,1
7322,1
7393,1
7459,1
7556,1
7632,1
7672,1
7691,1
7706,1
7732,1
7757,1
7764,1
7771,1
7772,1
7824,1
7834,1
7905,1
7912,1
7916,1
7930,1
7941,1
7958,1
8411,1
8463,1
6,1
34,1
51,1
60,1
66,1
86,1
88,1
94,1
104,1
108,1
139,1
190,1
306,1
449,1
460,1
484,1
530,1
531,1
533,1
571,1
625,1
675,1
734,1
919,1
1163,1
1169,1
1439,1
1458,1
1547,1
1613,1
1636,1
1742,1
1889,1
1919,1
1921,1
1934,1
1938,1
1960,1
2023,1
2039,1
2049,1
2091,1
2228,1
2245,1
2381,1
2444,1
2489,1
2616,1
2687,1
2721,1
2752,1
2778,1
2810,1
2854,1
2869,1
2888,1
2889,1
2981,1
3035,1
3043,1
3077,1
3108,1
3117,1
3143,1
3183,1
3188,1
3189,1
3224,1
3268,1
3283,1
3285,1
3313,1
3314,1
3339,1
3340,1
3347,1
3350,1
3353,1
3355,1
3374,1
3378,1
3389,1
3392,1
3404,1
3405,1
3407,1
3449,1
3471,1
3507,1
3690,1
3699,1
3703,1
3708,1
3729,1
3734,1
3738,1
3742,1
3743,1
3752,1
3756,1
3757,1
3758,1
3769,1
3819,1
3821,1
3867,1
3869,1
3870,1
3871,1
3879,1
3891,1
3896,1
3936,1
3940,1
3961,1
3968,1
3976,1
3988,1
3989,1
3998,1
3999,1
4002,1
4023,1
4071,1
4100,1
4110,1
4148,1
4160,1
4167,1
4217,1
4256,1
4274,1
4282,1
4283,1
4286,1
4289,1
4290,1
4407,1
4417,1
4452,1
4459,1
4469,1
4485,1
4507,1
4557,1
4583,1
4604,1
4609,1
4617,1
4686,1
4711,1
4742,1
4782,1
4852,1
4853,1
4883,1
4939,1
4968,1
5031,1
5183,1
5185,1
5190,1
5282,1
5334,1
5355,1
5368,1
5400,1
5428,1
5471,1
5520,1
5601,1
5641,1
5739,1
5817,1
5911,1
5916,1
6026,1
6027,1
6116,1
6124,1
6136,1
6260,1
6263,1
6268,1
6275,1
6276,1
6282,1
6292,1
6306,1
6351,1
6359,1
6367,1
6415,1
6447,1
6448,1
6449,1
6462,1
6511,1
6512,1
6524,1
6532,1
6553,1
6565,1
6566,1
6568,1
6569,1
6570,1
6571,1
6591,1
6593,1
6596,1
6602,1
6609,1
6615,1
6619,1
6623,1
6625,1
6638,1
6646,1
6647,1
6654,1
6663,1
6669,1
6689,1
6697,1
6700,1
6701,1
6705,1
6712,1
6713,1
6716,1
6718,1
6726,1
6737,1
6738,1
6740,1
6744,1
6745,1
6749,1
6750,1
6753,1
6758,1
6761,1
6765,1
6772,1
6788,1
6790,1
6791,1
6796,1
6800,1
6813,1
6846,1
6847,1
6851,1
6862,1
6863,1
6896,1
6901,1
6908,1
6970,1
6974,1
6986,1
7070,1
7073,1
7099,1
7115,1
7125,1
7187,1
7188,1
7248,1
7249,1
7273,1
7290,1
7324,1
7330,1
7358,1
7362,1
7363,1
7373,1
7495,1
7527,1
7535,1
7541,1
7567,1
7568,1
7573,1
7577,1
7580,1
7584,1
7585,1
7589,1
7591,1
7595,1
7596,1
7608,1
7612,1
7619,1
7630,1
7644,1
7648,1
7649,1
7660,1
7670,1
7674,1
7677,1
7681,1
7682,1
7684,1
7688,1
7689,1
7694,1
7696,1
7699,1
7705,1
7707,1
7711,1
7713,1
7716,1
7718,1
7724,1
7729,1
7730,1
7733,1
7747,1
7752,1
7805,1
7820,1
7822,1
7823,1
7825,1
7882,1
7890,1
7894,1
7901,1
7908,1
7909,1
7911,1
7914,1
7924,1
7935,1
7946,1
7948,1
7954,1
7960,1
7961,1
7965,1
7969,1
7974,1
7985,1
7990,1
7991,1
7992,1
7998,1
7999,1
8000,1
8004,1
8008,1
8009,1
8010,1
8011,1
8016,1
8028,1
8029,1
8051,1
8053,1
8063,1
8065,1
8082,1
8088,1
8092,1
8095,1
8096,1
8097,1
8102,1
8103,1
8104,1
8105,1
8106,1
8108,1
8109,1
8112,1
8113,1
8114,1
8115,1
8116,1
8118,1
8119,1
8121,1
8130,1
8131,1
8133,1
8137,1
8140,1
8144,1
8145,1
8146,1
8164,1
8170,1
8173,1
8185,1
8190,1
8198,1
8203,1
8206,1
8207,1
8208,1
8213,1
8220,1
8221,1
8222,1
8228,1
8229,1
8231,1
8232,1
8233,1
8234,1
8235,1
8238,1
8245,1
8248,1
8249,1
8251,1
8252,1
8254,1
8255,1
8258,1
8259,1
8260,1
8261,1
8271,1
8274,1
8280,1
8285,1
8286,1
8291,1
8295,1
8315,1
8319,1
8320,1
8321,1
8323,1
8325,1
8326,1
8329,1
8331,1
8352,1
8354,1
8378,1
8387,1
8393,1
8401,1
8405,1
8408,1
8441,1
8443,1
8445,1
8446,1
8461,1
8464,1
8467,1
8468,1
8470,1
8480,1
8482,1
8489,1
8490,1
8491,1
8496,1
8497,1
8501,1
8514,1
8515,1
8516,1
8517,1
8521,1
8531,1
8537,1
8548,1
8559,1
8562,1
8566,1
8571,1
8573,1
8575,1
8579,1
679,1
1078,1
1242,1
2304,1
2732,1
2974,1
3054,1
3209,1
3236,1
3332,1
3352,1
3388,1
3676,1
3744,1
3759,1
3762,1
3763,1
4137,1
6274,1
6413,1
6714,1
7986,1
8024,1
8047,1
8055,1
8066,1
8111,1
8120,1
8125,1
8136,1
8151,1
8211,1
8218,1
8237,1
8297,1
8305,1
8421,1
8493,1
8574,1
2,1
79,1
98,1
166,1
169,1
187,1
446,1
515,1
541,1
645,1
723,1
859,1
1019,1
1415,1
1440,1
1564,1
1566,1
1611,1
1687,1
2006,1
2022,1
2063,1
2073,1
2141,1
2286,1
2326,1
2350,1
2448,1
2465,1
2641,1
2720,1
2855,1
2955,1
2994,1
2996,1
3009,1
3027,1
3033,1
3063,1
3115,1
3216,1
3223,1
3282,1
3367,1
3489,1
3596,1
3882,1
3884,1
3910,1
3923,1
3970,1
3996,1
4056,1
4095,1
4281,1
4448,1
4608,1
4669,1
4760,1
4762,1
4767,1
4769,1
4788,1
4795,1
4936,1
5028,1
5189,1
5275,1
5277,1
5279,1
5479,1
5648,1
5653,1
5751,1
5811,1
5899,1
6209,1
6210,1
6431,1
6438,1
6577,1
6616,1
6622,1
6805,1
6899,1
6958,1
6976,1
7127,1
7161,1
7569,1
7631,1
7697,1
7983,1
7984,1
8005,1
8023,1
8031,1
8034,1
8048,1
8056,1
8064,1
8083,1
8085,1
8094,1
8101,1
8107,1
8124,1
8127,1
8129,1
8138,1
8142,1
8143,1
8149,1
8150,1
8152,1
8172,1
8197,1
8209,1
8214,1
8217,1
8224,1
8226,1
8236,1
8241,1
8242,1
8243,1
8250,1
8281,1
8287,1
8288,1
8289,1
8293,1
8299,1
8301,1
8302,1
8304,1
8311,1
8316,1
8324,1
8334,1
8346,1
8349,1
8351,1
8356,1
8358,1
8361,1
8367,1
8371,1
8377,1
8383,1
8385,1
8400,1
8418,1
8420,1
8422,1
8428,1
8431,1
8436,1
8442,1
8444,1
8447,1
8449,1
8450,1
8469,1
8472,1
8474,1
8487,1
8494,1
8504,1
8508,1
8510,1
8528,1
8530,1
8535,1
8538,1
8541,1
8550,1
8551,1
8555,1
8578,1
102,1
935,1
1263,1
1514,1
3265,1
3373,1
3590,1
3645,1
3646,1
3721,1
3851,1
3890,1
3975,1
4086,1
4213,1
4255,1
4280,1
4501,1
4514,1
4591,1
4606,1
4650,1
4761,1
4802,1
4873,1
4975,1
4985,1
5105,1
5271,1
5294,1
5384,1
5476,1
5720,1
5761,1
6032,1
6215,1
6271,1
6339,1
6411,1
6463,1
6491,1
6507,1
6528,1
6546,1
6572,1
6587,1
6588,1
6597,1
6605,1
6764,1
6777,1
6780,1
6860,1
6993,1
7132,1
7417,1
7453,1
7500,1
7531,1
7532,1
7590,1
7678,1
7680,1
7720,1
7776,1
7818,1
7978,1
7995,1
7997,1
8026,1
8042,1
8046,1
8049,1
8073,1
8074,1
8080,1
8086,1
8089,1
8117,1
8147,1
8171,1
8181,1
8200,1
8201,1
8210,1
8244,1
8268,1
8309,1
8336,1
8340,1
8347,1
8359,1
8360,1
8364,1
8373,1
8390,1
8398,1
8406,1
8485,1
8500,1
8505,1
8558,1
8570,1
72,1
85,1
144,1
146,1
153,1
209,1
241,1
270,1
300,1
305,1
1175,1
1239,1
1366,1
1463,1
1860,1
1880,1
1884,1
1916,1
1920,1
2128,1
2225,1
2453,1
2912,1
2937,1
2941,1
2964,1
3028,1
3198,1
3203,1
3237,1
3246,1
3253,1
3275,1
3358,1
4194,1
7123,1
8062,1
8141,1
8161,1
8175,1
8423,1
8567,1
552,1
3709,1
3733,1
3753,1
3755,1
3760,1
3897,1
3986,1
3990,1
4142,1
4562,1
6441,1
6755,1
8219,1
8432,1
42,1
404,1
416,1
454,1
497,1
545,1
967,1
1446,1
2217,1
3094,1
3135,1
3222,1
3228,1
3232,1
3241,1
3261,1
3308,1
3328,1
3516,1
3630,1
3673,1
3680,1
3683,1
3767,1
3770,1
4953,1
5468,1
8240,1
5,1
33,1
160,1
191,1
201,1
263,1
493,1
509,1
858,1
1918,1
1994,1
2009,1
2037,1
2038,1
2123,1
2329,1
2372,1
2409,1
2582,1
2719,1
2740,1
2944,1
3171,1
3181,1
3239,1
3281,1
3321,1
3461,1
3761,1
3834,1
3943,1
4181,1
4335,1
4423,1
4542,1
7987,1
8007,1
8027,1
8057,1
8090,1
8156,1
8212,1
8282,1
8306,1
8376,1
8397,1
8415,1
8417,1
8419,1
8429,1
8475,1
8532,1
8542,1
8545,1
8549,1
8576,1
3589,1
4291,1
8318,1
438,1
1568,1
2200,1
2244,1
3096,1
5038,1
5138,1
5177,1
5292,1
5298,1
5299,1
5320,1
5354,1
5737,1
5816,1
5870,1
5917,1
6186,1
6195,1
6203,1
6204,1
6315,1
6353,1
6355,1
6357,1
6386,1
6410,1
6444,1
6464,1
6470,1
6477,1
6498,1
6499,1
6544,1
6573,1
6695,1
6733,1
6756,1
6799,1
6811,1
6841,1
6848,1
6849,1
6857,1
6858,1
6864,1
6874,1
6878,1
6952,1
7105,1
7150,1
7578,1
8067,1
8270,1
8296,1
8526,1
8539,1
8543,1
5734,1
5744,1
5758,1
5814,1
5834,1
6117,1
6598,1
6604,1
6741,1
7011,1
7121,1
314,1
2490,1
2787,1
2788,1
3056,1
3147,1
3170,1
4449,1
4610,1
5188,1
5228,1
5818,1
6214,1
6469,1
6590,1
6677,1
6944,1
7076,1
7566,1
8135,1
8155,1
8202,1
8216,1
8256,1
8257,1
8273,1
8277,1
8292,1
8307,1
8308,1
8343,1
8362,1
8368,1
8372,1
8375,1
8384,1
8430,1
8466,1
8471,1
8477,1
8478,1
8488,1
8507,1
8552,1
4237,1
4302,1
4556,1
5557,1
6115,1
6720,1
6771,1
6946,1
7068,1
7592,1
7979,1
8069,1
8313,1
8353,1
8476,1
3049,1
8284,1
8380,1
8416,1
8438,1
8440,1
8453,1
1,1
208,1
816,1
1249,1
2013,1
2075,1
2121,1
3490,1
3598,1
3637,1
3639,1
3724,1
3845,1
3881,1
3889,1
4101,1
4179,1
4182,1
4219,1
4272,1
4392,1
4406,1
4665,1
4759,1
4763,1
4818,1
5029,1
5039,1
5103,1
5117,1
6213,1
6289,1
6731,1
7259,1
7370,1
7579,1
7994,1
8037,1
8059,1
8068,1
8084,1
8098,1
8134,1
8160,1
8162,1
8169,1
8176,1
8199,1
8247,1
8262,1
8267,1
8269,1
8283,1
8332,1
8333,1
8335,1
8337,1
8339,1
8348,1
8365,1
8366,1
8399,1
8434,1
8448,1
8455,1
8456,1
8457,1
8486,1
8492,1
8495,1
8509,1
8513,1
8518,1
8527,1
8544,1
8572,1
215,1
3243,1
3886,1
6206,1
6293,1
6397,1
6730,1
1285,1
1976,1
3205,1
3395,1
4984,1
6668,1
6774,1
6794,1
6977,1
7097,1
7645,1
7651,1
7658,1
6398,1
6617,1
7113,1
114,1
288,1
1255,1
8204,1
8427,1
248,1
754,1
3364,1
7242,1
7625,1
7657,1
7758,1
7989,1
168,1
8189,1
4849,1
4896,1
4902,1
4931,1
4938,1
4959,1
4979,1
4988,1
5106,1
5293,1
5301,1
5311,1
5328,1
5436,1
5469,1
5493,1
5501,1
5602,1
5644,1
5703,1
5726,1
5740,1
5746,1
5812,1
5831,1
5955,1
5998,1
6010,1
6077,1
6086,1
6156,1
6170,1
6179,1
6185,1
6280,1
6284,1
6301,1
6314,1
6331,1
6337,1
6388,1
6419,1
6427,1
6432,1
6457,1
6484,1
6502,1
6503,1
6519,1
6527,1
6533,1
6539,1
6541,1
6555,1
6578,1
6594,1
6600,1
6603,1
6607,1
6611,1
6642,1
6667,1
6809,1
6835,1
6845,1
6889,1
6903,1
6961,1
6966,1
6967,1
6971,1
6995,1
7026,1
7062,1
7087,1
7149,1
7721,1
4933,1
6683,1
5547,1
5753,1
6036,1
6376,1
6601,1
6610,1
6893,1
3167,1
4670,1
4910,1
4967,1
5191,1
5197,1
5379,1
5480,1
6022,1
6516,1
8529,1
3888,1
5171,1
5186,1
5229,1
5887,1
6223,1
6342,1
6636,1
6776,1
6792,1
7034,1
7988,1
5109,1
3326,1
3649,1
4173,1
4277,1
5098,1
5297,1
8003,1
8018,1
8035,1
8167,1
8357,1
8379,1
8402,1
8403,1
8413,1
8460,1
8462,1
8481,1
8483,1
8498,1
8523,1
4844,1
4854,1
4857,1
4956,1
5113,1
5286,1
5323,1
5342,1
5382,1
5427,1
5475,1
5552,1
5587,1
5760,1
5920,1
5988,1
6034,1
6157,1
6188,1
6297,1
6326,1
6352,1
6354,1
6358,1
6363,1
6383,1
6408,1
6428,1
6480,1
6510,1
6551,1
6583,1
6606,1
6678,1
6760,1
6831,1
6855,1
6859,1
6915,1
6917,1
6963,1
6980,1
6983,1
6987,1
7002,1
7021,1
7124,1
5932,1
6691,1
6729,1
6801,1
4831,1
5463,1
6406,1
5546,1
5652,1
6093,1
6748,1
7166,1
5308,1
5650,1
5655,1
5670,1
5752,1
5802,1
6557,1
6798,1
5376,1
5383,1
6666,1
6707,1
7000,1
1040,1
4287,1
8040,1
8154,1
2043,1
496,1
1554,1
1039,1
46,1
70,1
116,1
489,1
1619,1
1979,1
2021,1
3136,1
3150,1
3371,1
4838,1
5027,1
5609,1
5656,1
5807,1
6440,1
6443,1
6694,1
6746,1
6998,1
7037,1
7257,1
2637,1
1395,1
13,1
1179,1
1190,1
3400,1
3037,1
3336,1
1873,1
2959,1
3292,1
7564,1
57,1
58,1
109,1
468,1
1852,1
2604,1
2662,1
3137,1
5569,1
6217,1
6592,1
6711,1
6736,1
3134,1
14,1
2539,1
2923,1
3777,1
3929,1
4600,1
3572,1
3627,1
3772,1
3828,1
3856,1
3901,1
3902,1
3908,1
3914,1
3921,1
4106,1
4420,1
4530,1
4574,1
4683,1
3960,1
4003,1
4070,1
4075,1
3432,1
3442,1
3464,1
3568,1
3670,1
3717,1
3765,1
3781,1
3809,1
3827,1
3864,1
3912,1
3916,1
3919,1
3925,1
3954,1
3965,1
3992,1
4049,1
4078,1
4118,1
4198,1
4203,1
4324,1
4471,1
5392,1
4066,1
3505,1
3815,1
3950,1
4018,1
4243,1
4259,1
4438,1
4532,1
4647,1
4704,1
4803,1
4969,1
8014,1
3774,1
3835,1
3842,1
3863,1
3678,1
3812,1
5809,1
5815,1
3431,1
3522,1
3692,1
4331,1
4379,1
4494,1
8186,1
8021,1
8182,1
8183,1
8388,1
8484,1
8503,1
8511,1
8520,1
3861,1
3714,1
3928,1
4632,1
3448,1
3524,1
3651,1
3937,1
3985,1
4033,1
4057,1
4064,1
4154,1
4436,1
4771,1
4777,1
4030,1
3868,1
7355,1
7845,1
8341,1
8193,1
8153,1
8165,1
8187,1
8374,1
8389,1
8433,1
8506,1
3795,1
4010,1
4658,1
4523,1
5513,1
7131,1
2630,1
2881,1
1184,1
1560,1
3010,1
3191,1
3073,1
2628,1
238,1
2058,1
3251,1
3296,1
43,1
243,1
429,1
432,1
1091,1
1198,1
1260,1
1954,1
2209,1
2922,1
2972,1
3070,1
3315,1
3348,1
3398,1
3402,1
3579,1
5933,1
272,1
498,1
1213,1
1416,1
1209,1
1545,1
6595,1
127,1
3092,1
7063,1
6377,1
2829,1
22,1
41,1
3089,1
1149,1
1389,1
2953,1
2978,1
3269,1
3271,1
1170,1
1877,1
3288,1
3277,1
1437,1
2436,1
2794,1
939,1
717,1
2927,1
2018,1
2112,1
3083,2
1584,2
5175,2
4623,2
953,2
425,2
440,2
476,2
481,2
491,2
624,2
667,2
707,2
783,2
890,2
893,2
938,2
1003,2
1104,2
1203,2
1219,2
1241,2
1418,2
1483,2
1534,2
1846,2
2048,2
2303,2
2316,2
2519,2
2924,2
2931,2
3138,2
276,2
1417,2
257,2
4974,2
3174,2
1709,2
2960,2
6673,2
3065,2
1068,2
1202,2
1492,2
1901,2
1939,2
2211,2
3090,2
2416,2
3011,2
374,2
77,2
204,2
212,2
357,2
370,2
640,2
694,2
1089,2
1093,2
1427,2
1449,2
1632,2
1781,2
1908,2
1975,2
2205,2
2227,2
2249,2
2499,2
2559,2
2858,2
2872,2
2877,2
2993,2
3110,2
3197,2
156,2
426,2
450,2
488,2
600,2
781,2
944,2
1053,2
1060,2
1071,2
1109,2
1226,2
1361,2
1543,2
1708,2
1783,2
2146,2
2164,2
2420,2
2617,2
2638,2
2812,2
2831,2
2871,2
2951,2
3029,2
3098,2
3157,2
197,2
740,2
761,2
1022,2
2062,2
2487,2
216,2
2150,2
2376,2
1757,2
718,2
1572,2
172,2
8,2
15,2
83,2
193,2
205,2
219,2
235,2
261,2
295,2
502,2
505,2
523,2
527,2
631,2
686,2
752,2
759,2
819,2
842,2
855,2
892,2
984,2
1122,2
1143,2
1145,2
1156,2
1164,2
1429,2
1491,2
1535,2
1565,2
1585,2
1586,2
1633,2
1696,2
1703,2
1706,2
1806,2
1812,2
1845,2
1847,2
1977,2
2104,2
2188,2
2216,2
2226,2
2270,2
2277,2
2291,2
2324,2
2428,2
2531,2
2561,2
2633,2
2689,2
2727,2
2790,2
2843,2
2956,2
2979,2
2999,2
3008,2
3024,2
3038,2
3097,2
3103,2
3125,2
3139,2
3317,2
3323,2
3396,2
4232,2
2327,2
2300,2
1655,2
2482,2
24,2
118,2
150,2
157,2
178,2
194,2
203,2
218,2
224,2
231,2
239,2
252,2
282,2
337,2
339,2
387,2
400,2
471,2
482,2
565,2
588,2
608,2
642,2
705,2
794,2
849,2
863,2
879,2
908,2
964,2
1120,2
1254,2
1261,2
1277,2
1293,2
1294,2
1385,2
1399,2
1450,2
1527,2
1537,2
1538,2
1553,2
1594,2
1677,2
1777,2
1794,2
1816,2
1837,2
1866,2
1897,2
1963,2
2007,2
2093,2
2281,2
2337,2
2394,2
2432,2
2467,2
2514,2
2527,2
2536,2
2583,2
2664,2
2678,2
2726,2
2737,2
2738,2
2762,2
2776,2
2817,2
2832,2
2873,2
2875,2
2901,2
2904,2
2916,2
2942,2
3007,2
3025,2
3046,2
3060,2
3067,2
3080,2
3088,2
3093,2
3116,2
3130,2
3146,2
3176,2
3217,2
3304,2
222,2
250,2
255,2
268,2
277,2
284,2
434,2
494,2
674,2
857,2
950,2
1009,2
1076,2
1133,2
1159,2
1281,2
1422,2
1513,2
1546,2
1592,2
1729,2
1774,2
1832,2
2040,2
2275,2
2308,2
2407,2
2443,2
2614,2
2615,2
2693,2
2777,2
3184,2
3207,2
3219,2
3365,2
524,2
289,2
483,2
1065,2
2914,2
3052,2
3160,2
3244,2
3399,2
12,2
25,2
27,2
28,2
31,2
32,2
35,2
36,2
37,2
48,2
54,2
63,2
65,2
80,2
99,2
101,2
110,2
143,2
199,2
202,2
247,2
251,2
292,2
309,2
324,2
325,2
345,2
355,2
386,2
405,2
411,2
427,2
433,2
477,2
503,2
561,2
590,2
622,2
633,2
638,2
641,2
658,2
711,2
731,2
755,2
758,2
765,2
812,2
886,2
900,2
904,2
928,2
940,2
962,2
974,2
1005,2
1081,2
1087,2
1098,2
1114,2
1211,2
1236,2
1243,2
1258,2
1290,2
1304,2
1308,2
1336,2
1345,2
1365,2
1372,2
1390,2
1393,2
1412,2
1419,2
1455,2
1461,2
1466,2
1508,2
1536,2
1544,2
1604,2
1623,2
1654,2
1711,2
1714,2
1765,2
1796,2
1807,2
1810,2
1853,2
1856,2
1869,2
1875,2
1914,2
1931,2
1953,2
1983,2
2064,2
2079,2
2090,2
2101,2
2105,2
2122,2
2157,2
2185,2
2235,2
2247,2
2251,2
2293,2
2311,2
2401,2
2408,2
2427,2
2447,2
2459,2
2484,2
2497,2
2544,2
2547,2
2598,2
2639,2
2643,2
2692,2
2793,2
2800,2
2834,2
2861,2
2880,2
2905,2
2921,2
2984,2
2986,2
2998,2
3018,2
3055,2
3078,2
3095,2
3099,2
3105,2
3118,2
3121,2
3151,2
3161,2
3230,2
3231,2
3234,2
3235,2
3245,2
3248,2
3254,2
3258,2
3259,2
3267,2
3270,2
3272,2
3279,2
3287,2
3289,2
3299,2
3302,2
3306,2
3318,2
3327,2
3356,2
3359,2
3366,2
3370,2
3387,2
3390,2
3410,2
5742,2
5756,2
6000,2
6563,2
6576,2
23,2
186,2
227,2
242,2
316,2
418,2
575,2
770,2
774,2
856,2
861,2
1137,2
1283,2
1406,2
1667,2
1713,2
1801,2
1813,2
2000,2
2116,2
2133,2
2210,2
2567,2
2733,2
2799,2
2823,2
2903,2
2920,2
2988,2
3079,2
3112,2
3122,2
3133,2
3201,2
3238,2
3262,2
3274,2
3290,2
3305,2
3351,2
17,2
18,2
20,2
29,2
30,2
38,2
39,2
45,2
55,2
56,2
59,2
62,2
64,2
69,2
74,2
75,2
78,2
84,2
89,2
90,2
91,2
97,2
100,2
103,2
106,2
131,2
141,2
142,2
174,2
177,2
189,2
223,2
240,2
254,2
269,2
271,2
275,2
278,2
326,2
336,2
368,2
375,2
382,2
388,2
393,2
394,2
397,2
441,2
447,2
465,2
495,2
535,2
559,2
583,2
593,2
610,2
614,2
648,2
668,2
676,2
682,2
688,2
689,2
697,2
724,2
730,2
736,2
744,2
772,2
778,2
782,2
792,2
818,2
825,2
860,2
869,2
872,2
883,2
920,2
945,2
960,2
970,2
973,2
976,2
978,2
1000,2
1024,2
1026,2
1029,2
1030,2
1058,2
1069,2
1077,2
1080,2
1097,2
1105,2
1118,2
1142,2
1173,2
1182,2
1183,2
1185,2
1186,2
1192,2
1194,2
1195,2
1224,2
1276,2
1296,2
1315,2
1322,2
1335,2
1350,2
1357,2
1364,2
1373,2
1386,2
1396,2
1411,2
1425,2
1430,2
1442,2
1453,2
1472,2
1490,2
1494,2
1497,2
1503,2
1518,2
1521,2
1526,2
1533,2
1542,2
1558,2
1562,2
1581,2
1591,2
1598,2
1599,2
1625,2
1629,2
1635,2
1642,2
1657,2
1665,2
1680,2
1689,2
1692,2
1694,2
1712,2
1726,2
1745,2
1749,2
1755,2
1761,2
1766,2
1770,2
1775,2
1808,2
1824,2
1825,2
1840,2
1872,2
1878,2
1899,2
1904,2
1906,2
1907,2
1910,2
1941,2
1946,2
1952,2
1967,2
1970,2
1989,2
2001,2
2004,2
2019,2
2032,2
2036,2
2047,2
2083,2
2095,2
2120,2
2135,2
2162,2
2175,2
2220,2
2221,2
2240,2
2241,2
2246,2
2254,2
2263,2
2278,2
2279,2
2289,2
2299,2
2322,2
2345,2
2349,2
2360,2
2377,2
2417,2
2430,2
2434,2
2439,2
2454,2
2455,2
2460,2
2461,2
2470,2
2478,2
2486,2
2500,2
2529,2
2532,2
2555,2
2565,2
2569,2
2590,2
2597,2
2606,2
2608,2
2625,2
2650,2
2663,2
2674,2
2697,2
2698,2
2748,2
2753,2
2763,2
2769,2
2779,2
2798,2
2801,2
2845,2
2850,2
2870,2
2898,2
2938,2
2939,2
2943,2
2947,2
2949,2
2952,2
2966,2
2975,2
2992,2
3000,2
3001,2
3002,2
3034,2
3048,2
3062,2
3066,2
3069,2
3082,2
3120,2
3131,2
3141,2
3149,2
3158,2
3173,2
3178,2
3179,2
3182,2
3186,2
3200,2
3212,2
3215,2
3225,2
3240,2
3249,2
3250,2
3255,2
3257,2
3266,2
3286,2
3295,2
3298,2
3303,2
3310,2
3312,2
3316,2
3319,2
3320,2
3329,2
3330,2
3333,2
3338,2
3341,2
3343,2
3362,2
3372,2
3375,2
3380,2
3381,2
3393,2
3397,2
3403,2
4442,2
5909,2
6564,2
6681,2
8061,2
3,2
258,2
281,2
3335,2
3972,2
5715,2
7006,2
2930,2
7,2
9,2
16,2
19,2
49,2
87,2
92,2
111,2
112,2
113,2
115,2
120,2
125,2
130,2
137,2
198,2
211,2
220,2
229,2
253,2
262,2
265,2
267,2
279,2
283,2
294,2
329,2
332,2
348,2
356,2
369,2
383,2
402,2
403,2
504,2
528,2
540,2
550,2
567,2
574,2
592,2
636,2
653,2
670,2
739,2
741,2
789,2
791,2
814,2
832,2
843,2
846,2
868,2
910,2
912,2
934,2
969,2
972,2
1012,2
1038,2
1046,2
1055,2
1086,2
1099,2
1121,2
1132,2
1151,2
1154,2
1181,2
1215,2
1230,2
1231,2
1240,2
1257,2
1278,2
1295,2
1309,2
1330,2
1370,2
1397,2
1400,2
1469,2
1478,2
1482,2
1496,2
1574,2
1577,2
1579,2
1588,2
1620,2
1643,2
1659,2
1700,2
1732,2
1738,2
1752,2
1760,2
1769,2
1780,2
1793,2
1802,2
1804,2
1888,2
1926,2
1933,2
1951,2
1968,2
1973,2
1981,2
1990,2
1999,2
2014,2
2028,2
2055,2
2066,2
2080,2
2102,2
2103,2
2114,2
2126,2
2166,2
2203,2
2223,2
2248,2
2256,2
2258,2
2264,2
2307,2
2313,2
2331,2
2334,2
2338,2
2363,2
2389,2
2425,2
2483,2
2485,2
2492,2
2513,2
2535,2
2552,2
2613,2
2631,2
2635,2
2651,2
2657,2
2658,2
2679,2
2688,2
2694,2
2704,2
2728,2
2730,2
2741,2
2744,2
2755,2
2761,2
2766,2
2784,2
2791,2
2805,2
2826,2
2835,2
2841,2
2851,2
2860,2
2885,2
2902,2
2910,2
2918,2
2946,2
2948,2
2961,2
2962,2
2980,2
2983,2
2985,2
2989,2
3005,2
3013,2
3014,2
3017,2
3026,2
3030,2
3036,2
3047,2
3051,2
3057,2
3075,2
3076,2
3085,2
3104,2
3109,2
3119,2
3126,2
3156,2
3166,2
3175,2
3214,2
3227,2
3263,2
3307,2
3325,2
3334,2
3360,2
3363,2
3394,2
3401,2
3406,2
3409,2
6247,2
2575,2
164,2
180,2
228,2
249,2
437,2
455,2
510,2
586,2
591,2
616,2
661,2
715,2
802,2
821,2
854,2
899,2
916,2
988,2
998,2
1085,2
1138,2
1178,2
1279,2
1306,2
1320,2
1435,2
1593,2
1647,2
1849,2
2029,2
2050,2
2301,2
2323,2
2343,2
2375,2
2509,2
2690,2
2707,2
2759,2
2802,2
2824,2
2864,2
2976,2
3208,2
380,2
401,2
647,2
690,2
947,2
1126,2
1176,2
1210,2
1314,2
1669,2
1786,2
2180,2
2266,2
2314,2
2319,2
2526,2
2668,2
2710,2
2731,2
2754,2
2822,2
2958,2
3074,2
3113,2
3153,2
830,2
1485,2
1682,2
1950,2
2438,2
2862,2
3384,2
1052,2
230,2
508,2
1961,2
1640,2
2156,2
1937,2
701,2
21,2
50,2
136,2
487,2
551,2
594,2
1016,2
1106,2
1329,2
1498,2
1578,2
1675,2
1778,2
2002,2
2160,2
2273,2
2504,2
2522,2
2533,2
3015,2
3072,2
3154,2
182,2
210,2
1062,2
2593,2
2356,2
96,2
399,2
555,2
708,2
751,2
1328,2
1668,2
2085,2
2092,2
2201,2
2462,2
2472,2
2594,2
2600,2
2712,2
2865,2
3213,2
6651,2
1965,2
2137,2
8019,2
3824,2
260,2
519,2
589,2
671,2
851,2
1054,2
1064,2
1362,2
1532,2
1627,2
1735,2
1739,2
1815,2
1887,2
1997,2
2167,2
2361,2
2422,2
2676,2
2926,2
2970,2
3132,2
3177,2
1001,2
1608,2
3817,2
4642,2
8391,2
807,2
280,2
428,2
526,2
719,2
800,2
848,2
932,2
992,2
1153,2
1268,2
1273,2
1325,2
1486,2
1670,2
1676,2
1725,2
1730,2
1882,2
2089,2
2267,2
2411,2
2429,2
2557,2
2562,2
2562,2
2654,2
2867,2
2987,2
1374,2
1776,2
1820,2
1883,2
372,2
569,2
706,2
738,2
799,2
1059,2
1067,2
1246,2
1624,2
1855,2
2195,2
2366,2
2595,2
2714,2
333,2
620,2
1110,2
1368,2
2758,2
3086,2
1207,2
1563,2
2907,2
2558,3
2452,3
2365,3
3172,3
273,3
464,3
3041,3
3091,3
3124,3
3129,3
3159,3
132,3
140,3
145,3
154,3
158,3
162,3
173,3
175,3
183,3
206,3
207,3
214,3
217,3
226,3
232,3
233,3
234,3
236,3
237,3
246,3
259,3
264,3
266,3
293,3
297,3
302,3
318,3
319,3
330,3
344,3
346,3
352,3
360,3
365,3
373,3
376,3
381,3
389,3
392,3
414,3
415,3
422,3
439,3
444,3
456,3
457,3
462,3
478,3
479,3
485,3
500,3
513,3
514,3
516,3
542,3
543,3
547,3
549,3
570,3
579,3
584,3
595,3
603,3
611,3
613,3
623,3
627,3
628,3
643,3
650,3
655,3
657,3
664,3
665,3
677,3
685,3
692,3
693,3
704,3
720,3
721,3
726,3
729,3
737,3
746,3
757,3
767,3
771,3
779,3
784,3
785,3
787,3
797,3
806,3
810,3
822,3
826,3
835,3
841,3
844,3
853,3
873,3
876,3
881,3
885,3
894,3
896,3
905,3
913,3
918,3
925,3
931,3
949,3
952,3
961,3
975,3
990,3
991,3
996,3
999,3
1018,3
1020,3
1025,3
1032,3
1043,3
1047,3
1056,3
1063,3
1083,3
1088,3
1095,3
1102,3
1103,3
1112,3
1119,3
1123,3
1125,3
1128,3
1146,3
1148,3
1161,3
1162,3
1165,3
1166,3
1189,3
1197,3
1206,3
1212,3
1221,3
1228,3
1232,3
1237,3
1248,3
1262,3
1267,3
1269,3
1292,3
1298,3
1316,3
1317,3
1318,3
1323,3
1327,3
1331,3
1337,3
1353,3
1355,3
1371,3
1381,3
1387,3
1391,3
1404,3
1414,3
1421,3
1431,3
1438,3
1443,3
1448,3
1462,3
1471,3
1477,3
1481,3
1500,3
1501,3
1510,3
1517,3
1529,3
1530,3
1531,3
1540,3
1570,3
1575,3
1582,3
1596,3
1602,3
1603,3
1618,3
1621,3
1628,3
1641,3
1653,3
1656,3
1672,3
1678,3
1688,3
1690,3
1697,3
1717,3
1719,3
1731,3
1747,3
1756,3
1762,3
1763,3
1767,3
1784,3
1795,3
1803,3
1814,3
1819,3
1827,3
1835,3
1838,3
1848,3
1858,3
1874,3
1876,3
1879,3
1885,3
1890,3
1892,3
1905,3
1911,3
1924,3
1928,3
1935,3
1935,3
1947,3
1955,3
1969,3
1972,3
1978,3
1984,3
1991,3
1998,3
2003,3
2012,3
2026,3
2030,3
2041,3
2045,3
2057,3
2060,3
2078,3
2086,3
2108,3
2110,3
2115,3
2129,3
2139,3
2140,3
2151,3
2152,3
2154,3
2158,3
2161,3
2181,3
2182,3
2192,3
2197,3
2202,3
2212,3
2213,3
2230,3
2237,3
2252,3
2255,3
2260,3
2262,3
2265,3
2284,3
2290,3
2306,3
2320,3
2321,3
2332,3
2335,3
2352,3
2353,3
2358,3
2359,3
2369,3
2374,3
2382,3
2388,3
2390,3
2402,3
2406,3
2415,3
2418,3
2426,3
2440,3
2450,3
2458,3
2474,3
2488,3
2495,3
2501,3
2505,3
2506,3
2511,3
2518,3
2524,3
2537,3
2538,3
2548,3
2551,3
2568,3
2573,3
2577,3
2584,3
2592,3
2618,3
2619,3
2624,3
2644,3
2645,3
2653,3
2670,3
2675,3
2677,3
2683,3
2685,3
2695,3
2699,3
2715,3
2716,3
2725,3
2739,3
2742,3
2756,3
2764,3
2765,3
2768,3
2773,3
2781,3
2786,3
2797,3
2803,3
2811,3
2814,3
2838,3
2839,3
2846,3
2853,3
2859,3
2863,3
2879,3
2883,3
2894,3
2895,3
2906,3
2933,3
2954,3
3003,3
3019,3
3022,3
3032,3
3050,3
3058,3
3059,3
3068,3
3081,3
3084,3
3087,3
3102,3
3106,3
3123,3
3127,3
3145,3
3162,3
3163,3
3187,3
3193,3
8412,3
196,3
396,3
1552,3
2890,3
2995,3
245,3
1191,3
2640,3
6945,4
5923,4
8577,4
4177,4
5193,4
6679,4
6433,4
5020,4
6525,4
4909,4
5796,4
2070,4
2387,4
3169,4
3531,4
4144,4
4175,4
4260,4
4612,4
4680,4
4876,4
4891,4
4981,4
5015,4
5024,4
5030,4
5078,4
5085,4
5091,4
5136,4
5155,4
5236,4
5252,4
5254,4
5257,4
5270,4
5274,4
5281,4
5284,4
5303,4
5345,4
5348,4
5349,4
5352,4
5353,4
5362,4
5365,4
5373,4
5390,4
5420,4
5421,4
5435,4
5441,4
5442,4
5445,4
5449,4
5454,4
5457,4
5466,4
5467,4
5525,4
5528,4
5533,4
5534,4
5535,4
5542,4
5595,4
5599,4
5605,4
5607,4
5610,4
5612,4
5613,4
5615,4
5635,4
5659,4
5687,4
5701,4
5704,4
5707,4
5709,4
5710,4
5716,4
5717,4
5763,4
5777,4
5778,4
5784,4
5785,4
5788,4
5791,4
5795,4
5797,4
5813,4
5860,4
5871,4
5873,4
5875,4
5896,4
5959,4
5960,4
5964,4
5971,4
5974,4
5977,4
5981,4
5989,4
6004,4
6005,4
6011,4
6066,4
6069,4
6079,4
6085,4
6088,4
6099,4
6123,4
6152,4
6160,4
6171,4
6175,4
6211,4
6242,4
6261,4
6285,4
6347,4
6762,4
7103,4
5035,4
6125,4
4834,4
4866,4
4903,4
5025,4
5864,4
4865,4
4865,4
4865,4
4865,4
5120,4
5327,4
4865,4
5120,4
4865,4
4865,4
4865,4
6885,4
129,4
4837,4
4845,4
4851,4
4856,4
4870,4
4881,4
4882,4
4884,4
4888,4
4889,4
4890,4
4908,4
4919,4
4927,4
4958,4
4961,4
4980,4
4986,4
5006,4
5010,4
5012,4
5019,4
5026,4
5032,4
5037,4
5040,4
5051,4
5054,4
5059,4
5064,4
5084,4
5086,4
5107,4
5116,4
5119,4
5125,4
5129,4
5142,4
5152,4
5154,4
5204,4
5208,4
5214,4
5216,4
5221,4
5224,4
5225,4
5231,4
5232,4
5242,4
5251,4
5258,4
5283,4
5309,4
5312,4
5331,4
5340,4
5395,4
5396,4
5402,4
5416,4
5418,4
5430,4
5470,4
5492,4
5497,4
5506,4
5522,4
5544,4
5554,4
5558,4
5565,4
5572,4
5575,4
5579,4
5580,4
5589,4
5592,4
5620,4
5624,4
5632,4
5634,4
5658,4
5668,4
5671,4
5672,4
5673,4
5676,4
5677,4
5681,4
5683,4
5684,4
5688,4
5699,4
5724,4
5741,4
5825,4
5837,4
5838,4
5842,4
5845,4
5847,4
5848,4
5852,4
5868,4
5872,4
5879,4
5921,4
5926,4
5930,4
5934,4
5949,4
5952,4
5956,4
5957,4
5965,4
5968,4
5980,4
5983,4
5996,4
6001,4
6003,4
6015,4
6021,4
6046,4
6047,4
6061,4
6090,4
6101,4
6104,4
6121,4
6128,4
6130,4
6131,4
6134,4
6135,4
6140,4
6141,4
6143,4
6167,4
6168,4
6177,4
6184,4
6190,4
6208,4
6219,4
6222,4
6224,4
6225,4
6226,4
6228,4
6235,4
6237,4
6238,4
6239,4
6240,4
6250,4
6251,4
6255,4
6266,4
6267,4
6270,4
6273,4
6283,4
6291,4
6300,4
6304,4
6307,4
6311,4
6320,4
6327,4
6338,4
6345,4
6380,4
6384,4
6392,4
6393,4
6425,4
6429,4
6430,4
6434,4
6442,4
6445,4
6456,4
6458,4
6461,4
6465,4
6471,4
6479,4
6481,4
6482,4
6494,4
6496,4
6508,4
6514,4
6523,4
6538,4
6545,4
6560,4
6579,4
6581,4
6582,4
6585,4
6586,4
6612,4
6630,4
6633,4
6639,4
6655,4
6656,4
6675,4
6676,4
6693,4
6703,4
6763,4
6782,4
6797,4
6807,4
6814,4
6817,4
6819,4
6825,4
6828,4
6832,4
6853,4
6854,4
6866,4
6873,4
6879,4
6881,4
6886,4
6892,4
6894,4
6895,4
6902,4
6914,4
6918,4
6921,4
6927,4
6930,4
6931,4
6941,4
6942,4
6943,4
6949,4
6955,4
6960,4
6988,4
6991,4
6997,4
6999,4
7005,4
7010,4
7014,4
7020,4
7029,4
7032,4
7033,4
7039,4
7040,4
7044,4
7046,4
7049,4
7050,4
7057,4
7060,4
7061,4
7066,4
7079,4
7082,4
7083,4
7098,4
7104,4
7111,4
7119,4
7147,4
7167,4
4897,4
4899,4
4983,4
5017,4
5042,4
5043,4
5268,4
5386,4
5731,4
5754,4
5851,4
5897,4
6119,4
6308,4
6371,4
6375,4
6405,4
6473,4
6488,4
6504,4
6506,4
6529,4
6645,4
6972,4
7059,4
5052,4
5227,4
5289,4
5324,4
5347,4
5465,4
5721,4
6056,4
6107,4
6194,4
6200,4
6201,4
6231,4
6277,4
6286,4
6613,4
6824,4
6939,4
6969,4
4098,4
4825,4
4826,4
4827,4
4829,4
4832,4
4841,4
4846,4
4848,4
4859,4
4861,4
4869,4
4871,4
4875,4
4877,4
4886,4
4898,4
4900,4
4901,4
4905,4
4912,4
4917,4
4918,4
4923,4
4935,4
4937,4
4940,4
4947,4
4951,4
4957,4
4960,4
4964,4
4965,4
4966,4
4970,4
4976,4
4978,4
4987,4
4990,4
4993,4
4996,4
4997,4
5002,4
5009,4
5018,4
5033,4
5034,4
5036,4
5046,4
5055,4
5061,4
5062,4
5069,4
5072,4
5073,4
5080,4
5094,4
5111,4
5112,4
5115,4
5122,4
5126,4
5128,4
5130,4
5134,4
5137,4
5143,4
5144,4
5147,4
5151,4
5170,4
5184,4
5187,4
5196,4
5200,4
5203,4
5205,4
5210,4
5212,4
5222,4
5290,4
5302,4
5305,4
5307,4
5319,4
5322,4
5330,4
5336,4
5337,4
5338,4
5350,4
5360,4
5363,4
5371,4
5375,4
5377,4
5385,4
5387,4
5401,4
5403,4
5405,4
5406,4
5407,4
5408,4
5415,4
5419,4
5425,4
5429,4
5433,4
5439,4
5440,4
5453,4
5458,4
5474,4
5481,4
5483,4
5485,4
5487,4
5488,4
5490,4
5498,4
5512,4
5515,4
5526,4
5531,4
5536,4
5553,4
5556,4
5562,4
5563,4
5566,4
5567,4
5571,4
5573,4
5576,4
5578,4
5582,4
5597,4
5598,4
5627,4
5633,4
5637,4
5639,4
5642,4
5646,4
5647,4
5649,4
5654,4
5657,4
5679,4
5682,4
5690,4
5695,4
5708,4
5714,4
5723,4
5725,4
5729,4
5749,4
5759,4
5769,4
5779,4
5780,4
5781,4
5786,4
5804,4
5805,4
5806,4
5810,4
5823,4
5824,4
5832,4
5836,4
5849,4
5865,4
5890,4
5898,4
5900,4
5904,4
5905,4
5912,4
5914,4
5915,4
5919,4
5925,4
5935,4
5936,4
5938,4
5945,4
5950,4
5951,4
5954,4
5972,4
5991,4
5993,4
6017,4
6023,4
6025,4
6028,4
6029,4
6044,4
6050,4
6052,4
6057,4
6058,4
6062,4
6076,4
6080,4
6083,4
6098,4
6114,4
6118,4
6120,4
6132,4
6133,4
6142,4
6153,4
6180,4
6182,4
6187,4
6191,4
6193,4
6196,4
6197,4
6199,4
6205,4
6221,4
6230,4
6233,4
6236,4
6246,4
6254,4
6257,4
6262,4
6278,4
6279,4
6287,4
6288,4
6290,4
6294,4
6295,4
6298,4
6302,4
6303,4
6309,4
6318,4
6322,4
6323,4
6328,4
6334,4
6340,4
6348,4
6350,4
6360,4
6361,4
6362,4
6366,4
6368,4
6369,4
6373,4
6374,4
6381,4
6382,4
6385,4
6387,4
6389,4
6390,4
6391,4
6394,4
6401,4
6402,4
6403,4
6409,4
6414,4
6418,4
6420,4
6426,4
6435,4
6437,4
6450,4
6452,4
6454,4
6460,4
6472,4
6474,4
6478,4
6483,4
6485,4
6487,4
6489,4
6495,4
6501,4
6509,4
6517,4
6518,4
6521,4
6531,4
6535,4
6536,4
6537,4
6542,4
6543,4
6549,4
6550,4
6552,4
6556,4
6558,4
6574,4
6614,4
6627,4
6628,4
6631,4
6634,4
6635,4
6641,4
6643,4
6648,4
6650,4
6658,4
6680,4
6696,4
6708,4
6715,4
6722,4
6723,4
6732,4
6739,4
6743,4
6747,4
6752,4
6759,4
6766,4
6778,4
6781,4
6783,4
6784,4
6786,4
6815,4
6818,4
6820,4
6822,4
6836,4
6837,4
6838,4
6839,4
6840,4
6843,4
6844,4
6850,4
6852,4
6861,4
6871,4
6872,4
6880,4
6883,4
6884,4
6887,4
6890,4
6900,4
6904,4
6907,4
6910,4
6911,4
6912,4
6913,4
6919,4
6922,4
6925,4
6926,4
6929,4
6932,4
6934,4
6935,4
6936,4
6948,4
6951,4
6954,4
6968,4
6975,4
6978,4
6985,4
6989,4
6990,4
6992,4
6994,4
6996,4
7003,4
7004,4
7007,4
7009,4
7012,4
7013,4
7015,4
7016,4
7017,4
7018,4
7022,4
7023,4
7025,4
7027,4
7028,4
7030,4
7035,4
7036,4
7042,4
7048,4
7051,4
7064,4
7065,4
7067,4
7069,4
7075,4
7081,4
7084,4
7088,4
7091,4
7092,4
7094,4
7095,4
7102,4
7106,4
7107,4
7112,4
7116,4
7117,4
7118,4
7122,4
7126,4
7129,4
7135,4
7137,4
7138,4
7151,4
7154,4
7165,4
4559,4
4822,4
4824,4
4839,4
4843,4
4847,4
4850,4
4855,4
4858,4
4860,4
4862,4
4863,4
4864,4
4867,4
4868,4
4872,4
4874,4
4878,4
4880,4
4885,4
4894,4
4895,4
4907,4
4911,4
4913,4
4920,4
4922,4
4924,4
4925,4
4926,4
4928,4
4929,4
4930,4
4932,4
4934,4
4944,4
4945,4
4946,4
4948,4
4949,4
4952,4
4955,4
4962,4
4972,4
4989,4
4991,4
4992,4
4994,4
4995,4
4998,4
4999,4
5004,4
5005,4
5011,4
5013,4
5014,4
5016,4
5021,4
5044,4
5047,4
5049,4
5053,4
5058,4
5063,4
5065,4
5066,4
5067,4
5068,4
5076,4
5089,4
5096,4
5097,4
5100,4
5101,4
5104,4
5110,4
5114,4
5121,4
5123,4
5132,4
5133,4
5135,4
5139,4
5158,4
5160,4
5163,4
5164,4
5180,4
5198,4
5199,4
5206,4
5211,4
5215,4
5217,4
5219,4
5220,4
5233,4
5237,4
5239,4
5243,4
5244,4
5246,4
5247,4
5249,4
5253,4
5255,4
5256,4
5264,4
5265,4
5273,4
5285,4
5288,4
5295,4
5300,4
5304,4
5306,4
5313,4
5314,4
5315,4
5316,4
5317,4
5321,4
5325,4
5326,4
5329,4
5332,4
5333,4
5335,4
5339,4
5356,4
5358,4
5361,4
5367,4
5369,4
5380,4
5381,4
5388,4
5393,4
5394,4
5398,4
5399,4
5404,4
5409,4
5411,4
5412,4
5413,4
5417,4
5422,4
5431,4
5434,4
5438,4
5443,4
5448,4
5451,4
5462,4
5464,4
5478,4
5486,4
5495,4
5496,4
5499,4
5500,4
5502,4
5503,4
5505,4
5507,4
5509,4
5510,4
5516,4
5517,4
5518,4
5519,4
5537,4
5549,4
5550,4
5555,4
5560,4
5561,4
5570,4
5574,4
5577,4
5583,4
5584,4
5586,4
5588,4
5593,4
5594,4
5600,4
5617,4
5619,4
5621,4
5622,4
5625,4
5626,4
5631,4
5640,4
5643,4
5651,4
5661,4
5664,4
5665,4
5666,4
5667,4
5675,4
5678,4
5680,4
5686,4
5693,4
5694,4
5697,4
5698,4
5705,4
5712,4
5712,4
5722,4
5727,4
5730,4
5735,4
5738,4
5743,4
5757,4
5766,4
5768,4
5771,4
5773,4
5790,4
5793,4
5794,4
5798,4
5803,4
5819,4
5821,4
5822,4
5826,4
5829,4
5835,4
5843,4
5844,4
5846,4
5850,4
5853,4
5854,4
5855,4
5861,4
5863,4
5874,4
5876,4
5880,4
5882,4
5883,4
5884,4
5885,4
5895,4
5907,4
5910,4
5913,4
5918,4
5927,4
5937,4
5939,4
5940,4
5941,4
5943,4
5946,4
5947,4
5948,4
5953,4
5962,4
5963,4
5966,4
5967,4
5975,4
5982,4
5984,4
5985,4
5987,4
5995,4
6002,4
6007,4
6009,4
6018,4
6020,4
6031,4
6035,4
6037,4
6038,4
6039,4
6042,4
6043,4
6045,4
6048,4
6055,4
6063,4
6068,4
6071,4
6087,4
6089,4
6092,4
6097,4
6100,4
6102,4
6103,4
6105,4
6109,4
6110,4
6113,4
6127,4
6137,4
6139,4
6145,4
6146,4
6147,4
6148,4
6149,4
6151,4
6154,4
6161,4
6162,4
6164,4
6165,4
6169,4
6178,4
6212,4
6220,4
6229,4
6234,4
6241,4
6243,4
6244,4
6245,4
6248,4
6249,4
6252,4
6253,4
6272,4
6299,4
6305,4
6319,4
6321,4
6324,4
6332,4
6333,4
6341,4
6343,4
6346,4
6349,4
6364,4
6372,4
6395,4
6399,4
6400,4
6407,4
6416,4
6424,4
6439,4
6453,4
6459,4
6497,4
6505,4
6522,4
6561,4
6629,4
6632,4
6637,4
6640,4
6652,4
6688,4
6719,4
6767,4
6779,4
6806,4
6808,4
6810,4
6812,4
6812,4
6829,4
6842,4
6868,4
6875,4
6877,4
6888,4
6891,4
6923,4
6924,4
6937,4
6938,4
6940,4
6947,4
6950,4
6957,4
6962,4
7019,4
7031,4
7038,4
7041,4
7043,4
7045,4
7047,4
7054,4
7055,4
7056,4
7058,4
7077,4
7089,4
7090,4
7093,4
7100,4
7101,4
7110,4
7114,4
7120,4
7141,4
7142,4
7143,4
7145,4
7146,4
7155,4
7156,4
7157,4
7158,4
7159,4
4842,4
5280,4
5374,4
5931,4
6189,4
6227,4
6378,4
6649,4
6706,4
6734,4
7074,4
4915,4
6232,4
6865,4
6876,4
4941,4
5082,4
5192,4
5663,4
5902,4
5922,4
5944,4
6060,4
6096,4
6310,4
6344,4
6370,4
6379,4
6417,4
6724,4
6984,4
7086,4
5508,4
6051,4
6928,4
7024,4
5057,4
3383,4
3636,4
3704,4
4359,4
4828,4
4830,4
4833,4
4879,4
4887,4
4892,4
4906,4
4921,4
4971,4
5000,4
5003,4
5007,4
5022,4
5045,4
5048,4
5050,4
5056,4
5070,4
5071,4
5074,4
5075,4
5077,4
5079,4
5081,4
5083,4
5087,4
5088,4
5090,4
5093,4
5095,4
5099,4
5102,4
5118,4
5131,4
5140,4
5141,4
5145,4
5146,4
5149,4
5150,4
5153,4
5156,4
5157,4
5159,4
5162,4
5165,4
5168,4
5169,4
5172,4
5173,4
5176,4
5181,4
5194,4
5207,4
5209,4
5213,4
5218,4
5223,4
5226,4
5230,4
5234,4
5235,4
5238,4
5245,4
5250,4
5260,4
5261,4
5263,4
5267,4
5269,4
5276,4
5310,4
5318,4
5343,4
5344,4
5346,4
5357,4
5359,4
5364,4
5366,4
5370,4
5372,4
5389,4
5397,4
5423,4
5424,4
5426,4
5432,4
5437,4
5444,4
5446,4
5452,4
5455,4
5456,4
5459,4
5460,4
5461,4
5472,4
5482,4
5494,4
5504,4
5511,4
5521,4
5523,4
5524,4
5529,4
5532,4
5538,4
5540,4
5541,4
5543,4
5545,4
5548,4
5551,4
5568,4
5581,4
5590,4
5591,4
5596,4
5603,4
5606,4
5608,4
5616,4
5628,4
5629,4
5630,4
5636,4
5645,4
5660,4
5669,4
5674,4
5685,4
5689,4
5691,4
5692,4
5696,4
5702,4
5706,4
5718,4
5719,4
5728,4
5733,4
5736,4
5762,4
5764,4
5765,4
5770,4
5772,4
5782,4
5783,4
5787,4
5792,4
5799,4
5800,4
5808,4
5827,4
5840,4
5856,4
5858,4
5859,4
5862,4
5866,4
5867,4
5869,4
5877,4
5881,4
5886,4
5888,4
5889,4
5891,4
5894,4
5906,4
5908,4
5929,4
5942,4
5961,4
5969,4
5973,4
5976,4
5978,4
5986,4
5990,4
5992,4
5997,4
6008,4
6012,4
6013,4
6040,4
6053,4
6059,4
6065,4
6067,4
6070,4
6072,4
6073,4
6074,4
6075,4
6078,4
6084,4
6091,4
6094,4
6095,4
6106,4
6108,4
6112,4
6129,4
6138,4
6144,4
6155,4
6158,4
6159,4
6163,4
6166,4
6172,4
6173,4
6174,4
6181,4
6183,4
6207,4
6216,4
6256,4
6312,4
6313,4
6317,4
6329,4
6335,4
6336,4
6396,4
6476,4
6626,4
6823,4
6882,4
6953,4
7053,4
7139,4
7140,4
7148,4
7153,4
7160,4
7162,4
7163,4
7164,4
8195,4
8196,4
6436,4
5450,4
5999,4
2259,4
3467,4
3518,4
3556,4
3600,4
4491,4
4619,4
4621,4
4718,4
4820,4
5023,4
5161,4
5167,4
5202,4
5248,4
5262,4
5351,4
5414,4
5447,4
5477,4
5527,4
5638,4
5700,4
5775,4
5893,4
5901,4
5958,4
5970,4
6081,4
6269,4
7679,4
8194,4
8568,4
6325,4
6804,4
4748,4
3641,4
4444,4
4513,4
4721,4
5179,4
5266,4
5604,4
5623,4
5878,4
7300,4
8184,4
5195,4
3860,4
5614,4
6356,4
6768,4
4328,4
8525,4
7615,5
8174,5
7652,5
7526,5
7815,5
7412,5
7490,5
7756,5
7661,5
7835,5
7576,5
7701,5
7675,5
7614,5
7728,5
7745,5
7418,5
7571,5
6644,5
7510,5
7618,5
7736,5
7345,5
7473,5
7633,5
7395,5
7635,5
7949,5
7298,5
7643,5
7334,5
7748,5
7627,5
7663,5
7690,5
7712,5
7754,5
7874,5
7655,5
7646,5
7687,5
7380,5
7316,5
7429,5
7481,5
7497,5
7638,5
7656,5
7861,5
7744,5
7565,5
7586,5
7599,5
7609,5
7311,5
7700,5
7725,5
7439,5
7222,5
7543,5
7179,5
7192,5
7200,5
7224,5
7226,5
7229,5
7235,5
7261,5
7268,5
7286,5
7292,5
7326,5
7388,5
7423,5
7433,5
7434,5
7436,5
7440,5
7454,5
7464,5
7472,5
7502,5
7570,5
7605,5
7607,5
7639,5
7662,5
7665,5
7683,5
7685,5
7695,5
7735,5
7746,5
7755,5
7692,5
7211,5
7250,5
7304,5
7347,5
7419,5
7427,5
7438,5
7446,5
7467,5
7507,5
7517,5
7519,5
7606,5
7650,5
7727,5
7925,5
7175,5
7308,5
7375,5
7485,5
7572,5
7647,5
7693,5
7737,5
7741,5
7833,5
3672,5
7168,5
7170,5
7171,5
7172,5
7173,5
7174,5
7176,5
7178,5
7180,5
7181,5
7182,5
7183,5
7184,5
7185,5
7186,5
7189,5
7190,5
7191,5
7193,5
7194,5
7195,5
7196,5
7197,5
7198,5
7199,5
7201,5
7202,5
7203,5
7204,5
7205,5
7206,5
7207,5
7208,5
7209,5
7210,5
7213,5
7214,5
7215,5
7216,5
7217,5
7218,5
7219,5
7220,5
7221,5
7223,5
7225,5
7227,5
7228,5
7230,5
7231,5
7232,5
7233,5
7234,5
7236,5
7237,5
7238,5
7239,5
7240,5
7241,5
7243,5
7244,5
7245,5
7246,5
7247,5
7251,5
7252,5
7253,5
7254,5
7255,5
7256,5
7258,5
7260,5
7262,5
7264,5
7265,5
7266,5
7267,5
7269,5
7270,5
7271,5
7272,5
7274,5
7275,5
7276,5
7277,5
7278,5
7279,5
7280,5
7281,5
7282,5
7283,5
7284,5
7285,5
7287,5
7288,5
7289,5
7291,5
7293,5
7294,5
7295,5
7296,5
7299,5
7301,5
7302,5
7303,5
7305,5
7306,5
7309,5
7310,5
7312,5
7313,5
7314,5
7315,5
7317,5
7318,5
7320,5
7323,5
7325,5
7327,5
7328,5
7329,5
7331,5
7332,5
7333,5
7337,5
7338,5
7339,5
7340,5
7341,5
7342,5
7343,5
7344,5
7346,5
7348,5
7349,5
7350,5
7351,5
7352,5
7353,5
7354,5
7356,5
7357,5
7359,5
7361,5
7364,5
7365,5
7366,5
7367,5
7368,5
7369,5
7371,5
7372,5
7376,5
7377,5
7378,5
7379,5
7381,5
7383,5
7384,5
7385,5
7386,5
7387,5
7389,5
7390,5
7391,5
7392,5
7394,5
7396,5
7397,5
7398,5
7399,5
7400,5
7401,5
7402,5
7403,5
7404,5
7405,5
7406,5
7407,5
7408,5
7410,5
7411,5
7413,5
7415,5
7416,5
7420,5
7421,5
7422,5
7424,5
7425,5
7426,5
7428,5
7430,5
7431,5
7432,5
7435,5
7437,5
7441,5
7442,5
7443,5
7444,5
7447,5
7448,5
7449,5
7450,5
7451,5
7452,5
7455,5
7456,5
7457,5
7458,5
7460,5
7461,5
7462,5
7465,5
7466,5
7468,5
7469,5
7470,5
7471,5
7474,5
7475,5
7476,5
7477,5
7478,5
7479,5
7482,5
7483,5
7484,5
7486,5
7487,5
7488,5
7489,5
7491,5
7492,5
7494,5
7496,5
7498,5
7499,5
7501,5
7503,5
7504,5
7505,5
7506,5
7508,5
7509,5
7512,5
7513,5
7514,5
7515,5
7516,5
7521,5
7523,5
7525,5
7528,5
7530,5
7533,5
7534,5
7536,5
7539,5
7545,5
7546,5
7547,5
7548,5
7549,5
7550,5
7551,5
7552,5
7551,5
7557,5
7560,5
7575,5
7582,5
7583,5
7587,5
7593,5
7594,5
7598,5
7601,5
7602,5
7604,5
7611,5
7613,5
7616,5
7617,5
7620,5
7622,5
7626,5
7628,5
7629,5
7634,5
7636,5
7637,5
7640,5
7641,5
7642,5
7666,5
7673,5
7676,5
7698,5
7702,5
7703,5
7704,5
7708,5
7709,5
7710,5
7714,5
7715,5
7719,5
7738,5
7742,5
7743,5
7749,5
7753,5
7759,5
7760,5
7761,5
7762,5
7765,5
7766,5
7767,5
7768,5
7769,5
7770,5
7774,5
7775,5
7777,5
7779,5
7780,5
7781,5
7782,5
7784,5
7785,5
7786,5
7787,5
7788,5
7789,5
7790,5
7791,5
7792,5
7793,5
7794,5
7795,5
7796,5
7797,5
7798,5
7799,5
7800,5
7801,5
7802,5
7803,5
7804,5
7806,5
7807,5
7808,5
7809,5
7810,5
7811,5
7812,5
7813,5
7814,5
7817,5
7819,5
7821,5
7826,5
7827,5
7829,5
7830,5
7830,5
7832,5
7836,5
7837,5
7839,5
7840,5
7841,5
7842,5
7843,5
7844,5
7846,5
7847,5
7848,5
7849,5
7850,5
7851,5
7852,5
7853,5
7854,5
7856,5
7857,5
7858,5
7859,5
7860,5
7862,5
7863,5
7863,5
7866,5
7867,5
7868,5
7869,5
7870,5
7871,5
7872,5
7873,5
7875,5
7876,5
7877,5
7878,5
7879,5
7880,5
7881,5
7883,5
7885,5
7886,5
7888,5
7889,5
7891,5
7892,5
7893,5
7895,5
7896,5
7897,5
7898,5
7899,5
7900,5
7902,5
7903,5
7904,5
7906,5
7907,5
7910,5
7913,5
7915,5
7917,5
7918,5
7919,5
7920,5
7921,5
7922,5
7923,5
7926,5
7927,5
7928,5
7929,5
7931,5
7932,5
7933,5
7934,5
7936,5
7937,5
7938,5
7939,5
7940,5
7942,5
7943,5
7944,5
7945,5
7947,5
7950,5
7951,5
7952,5
7955,5
7956,5
7957,5
7959,5
7962,5
7963,5
7964,5
7966,5
7967,5
7968,5
7970,5
7971,5
7972,5
7973,5
7975,5
7976,5
8179,5
8180,5
8188,5
7212,5
7855,5
7717,5
7723,5
7511,5
7553,5
7574,5
7731,5
7734,5
7783,5
7307,5
7382,5
7480,5
7493,5
7522,5
7537,5
7540,5
7542,5
7559,5
7561,5
7597,5
7603,5
7621,5
7726,5
7750,5
7887,5
714,6
147,6
601,6
1754,6
119,6
1721,6
2069,6
1881,6
93,6
473,6
1488,6
390,6
1288,6
2077,6
3006,6
4394,6
322,6
769,6
780,6
2208,6
804,6
745,6
753,6
2581,6
2821,6
2836,6
2963,6
3155,6
3220,6
3294,6
3930,6
296,6
410,6
419,6
470,6
512,6
521,6
1392,6
2024,6
2893,6
10,6
81,6
95,6
121,6
151,6
165,6
192,6
200,6
213,6
274,6
290,6
291,6
298,6
299,6
301,6
304,6
307,6
310,6
312,6
320,6
321,6
323,6
327,6
331,6
335,6
320,6
340,6
341,6
342,6
343,6
347,6
349,6
350,6
351,6
353,6
354,6
358,6
361,6
362,6
363,6
364,6
366,6
367,6
371,6
377,6
378,6
379,6
384,6
385,6
391,6
395,6
398,6
406,6
407,6
408,6
409,6
412,6
420,6
421,6
423,6
424,6
430,6
431,6
435,6
436,6
442,6
445,6
448,6
451,6
452,6
453,6
458,6
459,6
461,6
463,6
466,6
467,6
469,6
472,6
474,6
475,6
480,6
490,6
492,6
499,6
501,6
506,6
507,6
511,6
517,6
518,6
522,6
529,6
532,6
536,6
537,6
538,6
539,6
544,6
546,6
548,6
553,6
557,6
558,6
560,6
562,6
563,6
564,6
566,6
568,6
573,6
576,6
577,6
578,6
580,6
581,6
585,6
596,6
598,6
599,6
602,6
605,6
607,6
609,6
612,6
615,6
617,6
618,6
619,6
621,6
626,6
629,6
630,6
632,6
637,6
639,6
644,6
646,6
649,6
651,6
652,6
654,6
656,6
659,6
660,6
662,6
663,6
666,6
669,6
673,6
678,6
680,6
684,6
687,6
691,6
695,6
696,6
698,6
699,6
700,6
703,6
709,6
710,6
712,6
713,6
716,6
722,6
725,6
727,6
728,6
732,6
733,6
735,6
742,6
743,6
747,6
748,6
749,6
750,6
756,6
760,6
762,6
766,6
768,6
773,6
775,6
776,6
777,6
786,6
788,6
790,6
793,6
795,6
796,6
801,6
803,6
805,6
809,6
811,6
813,6
815,6
817,6
820,6
823,6
824,6
827,6
829,6
831,6
833,6
834,6
836,6
837,6
839,6
840,6
845,6
847,6
850,6
852,6
864,6
865,6
867,6
870,6
871,6
874,6
875,6
877,6
882,6
884,6
887,6
888,6
895,6
897,6
795,6
901,6
902,6
903,6
906,6
909,6
914,6
915,6
917,6
921,6
923,6
926,6
927,6
933,6
941,6
942,6
943,6
946,6
948,6
954,6
955,6
956,6
958,6
959,6
963,6
966,6
968,6
971,6
977,6
980,6
981,6
982,6
985,6
986,6
987,6
993,6
994,6
995,6
1002,6
1004,6
1006,6
1007,6
1011,6
1013,6
1014,6
1015,6
1017,6
1023,6
1027,6
1028,6
1031,6
1034,6
1035,6
1036,6
1042,6
1044,6
1045,6
1048,6
1049,6
1050,6
1051,6
1057,6
1070,6
1072,6
1073,6
1075,6
1082,6
1090,6
1094,6
1100,6
1101,6
993,6
1108,6
1111,6
1113,6
1115,6
1116,6
1117,6
1124,6
1127,6
1130,6
1131,6
1134,6
1135,6
1136,6
1139,6
1140,6
1141,6
1144,6
1147,6
1150,6
1152,6
1155,6
1157,6
1158,6
1168,6
1171,6
1172,6
1174,6
1177,6
1180,6
1187,6
1188,6
1196,6
1199,6
1200,6
1201,6
1204,6
1205,6
1208,6
1214,6
1216,6
1217,6
1218,6
1220,6
1225,6
1227,6
1234,6
1238,6
1244,6
1245,6
1250,6
1251,6
1252,6
1253,6
1256,6
1264,6
1266,6
1270,6
1271,6
1274,6
1275,6
1280,6
1282,6
1284,6
1287,6
1291,6
1297,6
1299,6
1300,6
1301,6
1302,6
1303,6
1307,6
1312,6
1313,6
1321,6
1324,6
1326,6
1332,6
1333,6
1339,6
1340,6
1341,6
1342,6
1343,6
1344,6
1349,6
1351,6
1352,6
1354,6
1356,6
1359,6
1360,6
1376,6
1377,6
1378,6
1382,6
1384,6
1388,6
1394,6
1398,6
1401,6
1403,6
1405,6
1407,6
1408,6
1410,6
1413,6
1423,6
1424,6
1426,6
1428,6
1432,6
1433,6
1436,6
1445,6
1447,6
1452,6
1456,6
1457,6
1459,6
1460,6
1464,6
1465,6
1467,6
1468,6
1470,6
1473,6
1474,6
1475,6
1476,6
1479,6
1480,6
1484,6
1487,6
1489,6
1493,6
1495,6
1499,6
1502,6
1504,6
1506,6
1507,6
1509,6
1511,6
1516,6
1519,6
1520,6
1523,6
1524,6
1525,6
1528,6
1539,6
1551,6
1557,6
1559,6
1567,6
1569,6
1571,6
1573,6
1576,6
1580,6
1583,6
1587,6
1590,6
1595,6
1597,6
1600,6
1601,6
1606,6
1607,6
1609,6
1610,6
1612,6
1614,6
1616,6
1617,6
1622,6
1626,6
1634,6
1637,6
1638,6
1639,6
1644,6
1645,6
1648,6
1649,6
1650,6
1651,6
1652,6
1660,6
1661,6
1662,6
1664,6
1666,6
1671,6
1673,6
1674,6
1679,6
1683,6
1684,6
1685,6
1686,6
1691,6
1693,6
1699,6
1701,6
1702,6
1705,6
1707,6
1710,6
1715,6
1716,6
1718,6
1720,6
1723,6
1727,6
1733,6
1734,6
1736,6
1737,6
1740,6
1748,6
1750,6
1751,6
1753,6
1764,6
1768,6
1768,6
1772,6
1764,6
1785,6
1768,6
1788,6
1789,6
1790,6
1791,6
1798,6
1799,6
1800,6
1805,6
1809,6
1811,6
1821,6
1822,6
1823,6
1826,6
1828,6
1829,6
1834,6
1836,6
1839,6
1841,6
1842,6
1843,6
1844,6
1851,6
1854,6
1862,6
1863,6
1865,6
1868,6
1871,6
1886,6
1891,6
1894,6
1895,6
1896,6
1900,6
1903,6
1909,6
1912,6
1913,6
1915,6
1922,6
1923,6
1927,6
1929,6
1932,6
1936,6
1942,6
1943,6
1944,6
1948,6
1949,6
1958,6
1959,6
1964,6
1966,6
1971,6
1982,6
1985,6
1986,6
1987,6
1988,6
1993,6
1995,6
1996,6
2008,6
2010,6
2011,6
2015,6
2017,6
2020,6
2025,6
2027,6
2033,6
2035,6
2042,6
2044,6
2046,6
2051,6
2053,6
2054,6
2056,6
2061,6
2065,6
2068,6
2071,6
2072,6
2076,6
2084,6
2088,6
2097,6
2098,6
2099,6
2100,6
2106,6
2109,6
2118,6
2119,6
2124,6
2125,6
2127,6
2131,6
2132,6
2134,6
2136,6
2138,6
2142,6
2143,6
2144,6
2147,6
2148,6
2149,6
2155,6
2159,6
2163,6
2165,6
2168,6
2169,6
2171,6
2172,6
2174,6
2176,6
2178,6
2179,6
2183,6
2186,6
2189,6
2191,6
2193,6
2194,6
2196,6
2199,6
2204,6
2206,6
2207,6
2214,6
2215,6
2218,6
2219,6
2222,6
2229,6
2231,6
2232,6
2233,6
2234,6
2236,6
2239,6
2243,6
2250,6
2253,6
2257,6
2268,6
2269,6
2271,6
2272,6
2274,6
2280,6
2285,6
2287,6
2288,6
2295,6
2296,6
2298,6
2302,6
2309,6
2315,6
2317,6
2318,6
2325,6
2328,6
2339,6
2340,6
2341,6
2342,6
2347,6
2348,6
2351,6
2354,6
2355,6
2362,6
2367,6
2368,6
2371,6
2373,6
2378,6
2379,6
2380,6
2383,6
2385,6
2391,6
2392,6
2395,6
2396,6
2398,6
2399,6
2403,6
2412,6
2413,6
2414,6
2419,6
2421,6
2423,6
2431,6
2437,6
2441,6
2442,6
2445,6
2446,6
2451,6
2456,6
2457,6
2463,6
2464,6
2466,6
2468,6
2471,6
2473,6
2475,6
2476,6
2477,6
2479,6
2480,6
2481,6
2493,6
2494,6
2496,6
2498,6
2503,6
2507,6
2508,6
2510,6
2512,6
2515,6
2516,6
2520,6
2521,6
2523,6
2525,6
2528,6
2534,6
2540,6
2543,6
2545,6
2546,6
2549,6
2550,6
2556,6
2560,6
2564,6
2566,6
2570,6
2571,6
2572,6
2576,6
2578,6
2580,6
2585,6
2586,6
2587,6
2588,6
2602,6
2605,6
2607,6
2610,6
2611,6
2612,6
2621,6
2622,6
2623,6
2627,6
2632,6
2636,6
2642,6
2646,6
2647,6
2648,6
2655,6
2656,6
2661,6
2665,6
2666,6
2669,6
2671,6
2672,6
2673,6
2680,6
2681,6
2682,6
2684,6
2686,6
2700,6
2701,6
2702,6
2703,6
2705,6
2706,6
2708,6
2709,6
2713,6
2717,6
2718,6
2723,6
2724,6
2734,6
2735,6
2736,6
2743,6
2746,6
2747,6
2751,6
2757,6
2760,6
2770,6
2771,6
2774,6
2775,6
2780,6
2782,6
2785,6
2789,6
2795,6
2796,6
2804,6
2806,6
2807,6
2809,6
2813,6
2815,6
2816,6
2819,6
2820,6
2820,6
2828,6
2833,6
2840,6
2842,6
2844,6
2847,6
2852,6
2857,6
2866,6
2868,6
2876,6
2878,6
2882,6
2884,6
2886,6
2887,6
2891,6
2892,6
2896,6
2897,6
2899,6
2900,6
2909,6
2911,6
2915,6
2919,6
2925,6
2929,6
2932,6
2934,6
2936,6
2940,6
2950,6
2967,6
2968,6
2969,6
2973,6
2977,6
3064,6
3128,6
3152,6
3202,6
3293,6
3309,6
256,6
328,6
359,6
413,6
417,6
582,6
808,6
828,6
838,6
866,6
880,6
889,6
891,6
911,6
922,6
936,6
937,6
951,6
989,6
997,6
1010,6
1021,6
1033,6
1037,6
1061,6
1066,6
1084,6
1096,6
1129,6
1167,6
1229,6
1235,6
1259,6
1265,6
1272,6
1289,6
1310,6
1311,6
1338,6
1346,6
1375,6
1379,6
1383,6
1409,6
1420,6
1434,6
1451,6
1505,6
1512,6
1522,6
1549,6
1555,6
1589,6
1615,6
1631,6
1646,6
1658,6
1681,6
1695,6
1724,6
1728,6
1741,6
1743,6
1773,6
1792,6
1797,6
1833,6
1850,6
1864,6
1867,6
1893,6
1917,6
1945,6
1962,6
1974,6
1980,6
1992,6
2005,6
2031,6
2034,6
2059,6
2074,6
2094,6
2107,6
2113,6
2145,6
2153,6
2177,6
2187,6
2190,6
2224,6
2238,6
2261,6
2283,6
2292,6
2297,6
2310,6
2333,6
2336,6
2344,6
2364,6
2386,6
2405,6
2433,6
2435,6
2449,6
2502,6
2517,6
2530,6
2541,6
2542,6
2554,6
2579,6
2589,6
2596,6
2599,6
2609,6
2634,6
2649,6
2660,6
2667,6
2691,6
2696,6
2711,6
2745,6
2750,6
2767,6
2792,6
2808,6
2818,6
2825,6
2849,6
2856,6
2997,6
3023,6
3144,6
3311,6
313,6
1319,6
2629,6
2848,6
2874,6
3101,6
3297,6
2117,6
2242,6
2276,6
2652,6
3053,6
3148,6
4531,6
2357,6
3300,6
6870,6
2312,6
3012,6
3386,6
2016,6
1402,6
1744,6
1358,6
8246,7
4174,7
8158,7
4104,7
3569,7
4508,7
8166,7
8536,7
4226,7
8157,7
862,7
4369,7
4770,7
8266,7
4590,7
3438,7
8265,7
4358,7
8381,7
5241,7
4778,7
3417,7
3451,7
3622,7
3667,7
4320,7
4440,7
6006,7
8275,7
8276,7
4375,7
2400,7
3420,7
4352,7
8132,7
8330,7
8458,7
8263,7
8407,7
8569,7
2982,7
3586,7
4550,7
3951,7
3818,7
3900,7
3966,7
4326,7
4093,7
3436,7
3455,7
3504,7
3508,7
3517,7
3526,7
3541,7
3561,7
3611,7
3740,7
3790,7
3792,7
3802,7
3814,7
3816,7
3820,7
3836,7
3859,7
3862,7
3865,7
3873,7
3874,7
3880,7
3899,7
3903,7
3907,7
3911,7
3913,7
3917,7
3927,7
3932,7
3934,7
3956,7
3979,7
3984,7
4034,7
4039,7
4041,7
4043,7
4048,7
4062,7
4063,7
4080,7
4087,7
4124,7
4125,7
4126,7
4157,7
4169,7
4224,7
4231,7
4231,7
4306,7
4332,7
4361,7
4421,7
4446,7
4455,7
4506,7
4565,7
4566,7
4649,7
4729,7
4732,7
4790,7
3421,7
3433,7
3453,7
3462,7
3476,7
3501,7
3521,7
3528,7
3542,7
3580,7
3609,7
3623,7
3679,7
3687,7
3694,7
3700,7
3706,7
3731,7
3737,7
3794,7
3800,7
3811,7
3822,7
3825,7
3830,7
3852,7
3858,7
3931,7
3939,7
3958,7
3959,7
3963,7
3977,7
3991,7
3997,7
4000,7
4004,7
4008,7
4009,7
4019,7
4024,7
4026,7
4028,7
4038,7
4046,7
4055,7
4067,7
4074,7
4084,7
4103,7
4223,7
4322,7
4398,7
4430,7
4433,7
4475,7
4479,7
4522,7
4541,7
4570,7
4594,7
4613,7
4668,7
4705,7
4724,7
4806,7
4807,7
3499,7
3519,7
3652,7
3876,7
4025,7
4450,7
4596,7
4615,7
4659,7
4677,7
4738,7
4776,7
4821,7
7722,7
3439,7
3470,7
3482,7
3494,7
3500,7
3520,7
3540,7
3553,7
3567,7
3570,7
3581,7
3584,7
3593,7
3624,7
3634,7
3644,7
3659,7
3664,7
3686,7
3701,7
3713,7
3722,7
3727,7
3768,7
3780,7
3782,7
3784,7
3796,7
3803,7
3806,7
3808,7
3823,7
3847,7
3855,7
3933,7
3938,7
3942,7
3944,7
3947,7
3948,7
3949,7
3955,7
3962,7
3967,7
3982,7
3995,7
4006,7
4011,7
4014,7
4016,7
4027,7
4035,7
4036,7
4040,7
4050,7
4054,7
4060,7
4077,7
4081,7
4082,7
4092,7
4116,7
4132,7
4135,7
4141,7
4150,7
4156,7
4168,7
4180,7
4185,7
4205,7
4220,7
4241,7
4273,7
4288,7
4295,7
4305,7
4313,7
4323,7
4340,7
4385,7
4386,7
4422,7
4447,7
4461,7
4492,7
4502,7
4518,7
4524,7
4551,7
4563,7
4564,7
4618,7
4664,7
4676,7
4692,7
4693,7
4709,7
4715,7
4728,7
4746,7
4764,7
4780,7
4781,7
8410,7
286,7
3413,7
3424,7
3428,7
3429,7
3434,7
3441,7
3444,7
3446,7
3450,7
3452,7
3465,7
3468,7
3469,7
3473,7
3475,7
3478,7
3480,7
3488,7
3493,7
3498,7
3502,7
3506,7
3515,7
3523,7
3527,7
3532,7
3533,7
3535,7
3536,7
3539,7
3544,7
3548,7
3551,7
3554,7
3555,7
3559,7
3573,7
3576,7
3578,7
3582,7
3591,7
3594,7
3601,7
3603,7
3605,7
3610,7
3613,7
3614,7
3615,7
3618,7
3620,7
3625,7
3629,7
3643,7
3647,7
3656,7
3657,7
3658,7
3662,7
3666,7
3668,7
3669,7
3671,7
3674,7
3677,7
3681,7
3684,7
3685,7
3702,7
3707,7
3712,7
3715,7
3716,7
3725,7
3728,7
3730,7
3735,7
3745,7
3746,7
3747,7
3749,7
3751,7
3764,7
3766,7
3773,7
3783,7
3785,7
3786,7
3787,7
3791,7
3798,7
3804,7
3810,7
3826,7
3832,7
3833,7
3840,7
3843,7
3849,7
3853,7
3906,7
3918,7
3935,7
3952,7
3957,7
3969,7
3971,7
3978,7
3980,7
3983,7
3993,7
4001,7
4005,7
4015,7
4022,7
4029,7
4031,7
4032,7
4042,7
4044,7
4053,7
4059,7
4061,7
4065,7
4073,7
4088,7
4089,7
4097,7
4105,7
4107,7
4109,7
4112,7
4115,7
4117,7
4120,7
4127,7
4128,7
4129,7
4130,7
4147,7
4161,7
4165,7
4171,7
4186,7
4187,7
4192,7
4195,7
4200,7
4202,7
4210,7
4214,7
4215,7
4221,7
4222,7
4225,7
4233,7
4236,7
4245,7
4248,7
4251,7
4253,7
4258,7
4275,7
4278,7
4285,7
4301,7
4309,7
4311,7
4321,7
4327,7
4330,7
4334,7
4336,7
4337,7
4338,7
4342,7
4343,7
4345,7
4347,7
4348,7
4354,7
4366,7
4367,7
4376,7
4397,7
4405,7
4416,7
4432,7
4434,7
4435,7
4441,7
4451,7
4462,7
4482,7
4490,7
4504,7
4515,7
4517,7
4528,7
4535,7
4539,7
4545,7
4558,7
4568,7
4572,7
4576,7
4580,7
4585,7
4588,7
4597,7
4598,7
4605,7
4622,7
4625,7
4631,7
4641,7
4648,7
4652,7
4689,7
4694,7
4696,7
4699,7
4713,7
4735,7
4739,7
4747,7
4749,7
4751,7
4755,7
4756,7
4766,7
4794,7
4800,7
4801,7
4804,7
4810,7
4811,7
4813,7
4814,7
4816,7
5182,7
8006,7
8560,7
3385,7
3415,7
3416,7
3418,7
3422,7
3423,7
3425,7
3430,7
3435,7
3437,7
3440,7
3457,7
3458,7
3460,7
3472,7
3474,7
3481,7
3487,7
3495,7
3496,7
3509,7
3510,7
3525,7
3529,7
3534,7
3538,7
3545,7
3546,7
3549,7
3558,7
3562,7
3563,7
3564,7
3565,7
3571,7
3574,7
3575,7
3577,7
3585,7
3604,7
3607,7
3616,7
3617,7
3628,7
3631,7
3632,7
3633,7
3638,7
3648,7
3650,7
3653,7
3654,7
3655,7
3661,7
3665,7
3688,7
3689,7
3696,7
3698,7
3710,7
3718,7
3719,7
3723,7
3750,7
3754,7
3775,7
3779,7
3788,7
3846,7
3850,7
3904,7
3945,7
3946,7
3964,7
3973,7
3974,7
3987,7
3994,7
4012,7
4013,7
4017,7
4037,7
4045,7
4047,7
4051,7
4052,7
4068,7
4072,7
4085,7
4090,7
4091,7
4094,7
4096,7
4099,7
4102,7
4108,7
4111,7
4113,7
4119,7
4121,7
4122,7
4131,7
4133,7
4134,7
4145,7
4149,7
4151,7
4153,7
4159,7
4163,7
4164,7
4166,7
4170,7
4176,7
4183,7
4184,7
4189,7
4193,7
4196,7
4199,7
4204,7
4207,7
4208,7
4212,7
4218,7
4227,7
4228,7
4229,7
4230,7
4234,7
4238,7
4246,7
4252,7
4261,7
4262,7
4265,7
4266,7
4267,7
4269,7
4271,7
4276,7
4284,7
4292,7
4293,7
4294,7
4298,7
4299,7
4300,7
4303,7
4304,7
4307,7
4315,7
4319,7
4325,7
4333,7
4344,7
4349,7
4351,7
4356,7
4362,7
4364,7
4365,7
4370,7
4372,7
4378,7
4380,7
4382,7
4388,7
4389,7
4390,7
4391,7
4393,7
4399,7
4400,7
4403,7
4404,7
4408,7
4411,7
4413,7
4415,7
4424,7
4426,7
4428,7
4429,7
4437,7
4439,7
4454,7
4456,7
4458,7
4464,7
4465,7
4468,7
4470,7
4472,7
4474,7
4480,7
4481,7
4483,7
4484,7
4486,7
4488,7
4495,7
4499,7
4500,7
4503,7
4505,7
4509,7
4510,7
4511,7
4512,7
4516,7
4520,7
4525,7
4526,7
4534,7
4536,7
4543,7
4546,7
4547,7
4548,7
4549,7
4553,7
4554,7
4561,7
4567,7
4569,7
4571,7
4577,7
4578,7
4579,7
4586,7
4589,7
4595,7
4599,7
4616,7
4620,7
4624,7
4626,7
4627,7
4628,7
4633,7
4638,7
4639,7
4640,7
4643,7
4644,7
4645,7
4653,7
4654,7
4656,7
4657,7
4661,7
4663,7
4666,7
4671,7
4672,7
4674,7
4679,7
4681,7
4682,7
4685,7
4691,7
4695,7
4698,7
4700,7
4702,7
4703,7
4706,7
4708,7
4712,7
4716,7
4719,7
4722,7
4723,7
4733,7
4737,7
4740,7
4741,7
4750,7
4754,7
4757,7
4768,7
4774,7
4783,7
4784,7
4787,7
4793,7
4796,7
4797,7
4798,7
4799,7
4805,7
4812,7
4815,7
5174,7
8012,7
8499,7
3412,7
3414,7
3419,7
3447,7
3454,7
3456,7
3463,7
3466,7
3479,7
3483,7
3485,7
3491,7
3492,7
3497,7
3503,7
3511,7
3512,7
3513,7
3514,7
3530,7
3543,7
3566,7
3602,7
3606,7
3608,7
3612,7
3619,7
3626,7
3660,7
3675,7
3695,7
3705,7
3776,7
3848,7
4083,7
4178,7
4191,7
4206,7
4235,7
4239,7
4242,7
4244,7
4250,7
4257,7
4264,7
4268,7
4270,7
4308,7
4310,7
4312,7
4314,7
4317,7
4318,7
4339,7
4346,7
4350,7
4353,7
4355,7
4357,7
4363,7
4371,7
4373,7
4374,7
4384,7
4387,7
4395,7
4396,7
4401,7
4402,7
4409,7
4412,7
4414,7
4418,7
4427,7
4431,7
4443,7
4445,7
4453,7
4457,7
4463,7
4467,7
4473,7
4476,7
4477,7
4478,7
4487,7
4489,7
4493,7
4497,7
4527,7
4533,7
4537,7
4538,7
4544,7
4552,7
4555,7
4560,7
4573,7
4575,7
4581,7
4584,7
4587,7
4592,7
4593,7
4602,7
4603,7
4607,7
4611,7
4629,7
4634,7
4635,7
4636,7
4646,7
4651,7
4660,7
4662,7
4667,7
4673,7
4678,7
4684,7
4687,7
4688,7
4690,7
4697,7
4701,7
4714,7
4717,7
4725,7
4726,7
4727,7
4730,7
4731,7
4736,7
4744,7
4752,7
4753,7
4758,7
4765,7
4772,7
4775,7
4779,7
4786,7
4789,7
4791,7
4808,7
4809,7
4977,7
7739,7
8001,7
8264,7
8312,7
8328,7
8345,7
8355,7
8502,7
8519,7
3477,7
4419,7
4582,7
7319,7
7669,7
8177,7
8178,7
8191,7
8272,7
8290,7
8317,7
8322,7
8540,7
8253,7
