user_id,avg(rating)
75,3.46428571428571
78,4.12250712250712
127,3.54166666666667
170,3.07142857142857
175,4.28019323671498
190,3.09009009009009
267,2.75154320987654
325,3.54411764705882
383,3.29310344827586
476,3.80337078651685
477,3.94387755102041
493,3.40924657534247
498,3.30645161290323
533,3.79962779156328
545,3.89954337899543
548,4.38461538461539
580,3.5
622,4.61224489795918
636,3.144128113879
637,3.82352941176471
728,3.94
732,3.19736842105263
783,3.1734693877551
788,3.90215053763441
894,3.66666666666667
922,3.76422764227642
937,3.79487179487179
1017,3.33333333333333
1035,3.34579439252336
1047,3.78877005347594
1117,4.2
1118,3.96153846153846
1122,4.19291338582677
1160,4.09797297297297
1164,4.34246575342466
1174,3.28017789072427
1198,3.6592039800995
1224,3.55740740740741
1225,3.55384615384615
1267,3.9126213592233
1278,3.21647509578544
1282,3.984375
1355,3.68601895734597
1392,2.99455337690632
1436,3.32835820895522
1496,4.06993006993007
1504,3.76119402985075
1510,3.73606557377049
1547,3.80454545454545
1600,3.9375
1632,3.89473684210526
1652,4.0343137254902
1663,3.38931297709924
1713,2.66489361702128
1724,3.65154749199573
1728,3.5
1751,3.30309278350515
1860,3.11893459915612
1910,2.85576923076923
1915,3.27622377622378
1988,3.45440494590417
2039,3.64900662251656
2053,2.92387218045113
2102,4.13508064516129
2108,3.88461538461538
2136,3.61111111111111
2200,3.83333333333333
2204,3.33746556473829
2218,3.36016949152542
2276,3.7621359223301
2315,3.62715517241379
2429,3.21311475409836
2435,3.85855263157895
2455,3.57831325301205
2471,3.48395721925134
2477,3.94927536231884
2513,3.98028673835125
2517,3.3195564516129
2556,3.43611111111111
2558,3.38461538461538
2589,3.9
2612,3.52480916030534
2643,3.72972972972973
2658,4.0
2692,3.41343963553531
2706,3.68103448275862
2732,4.23076923076923
2771,3.23076923076923
2801,3.72282608695652
2842,3.71511627906977
2852,3.34372402327515
2853,3.45871559633028
2891,3.29376083188908
2901,3.64516129032258
2904,3.62549019607843
2930,3.35102040816327
3017,3.44736842105263
3057,3.34181568088033
3104,3.20439189189189
3106,3.17888563049853
3174,3.46306306306306
3190,3.93697478991597
3271,3.5679012345679
3301,3.31196911196911
3304,2.75
3313,3.99661399548533
3369,3.8448275862069
3392,3.28348214285714
3429,3.82017543859649
3493,3.4375
3512,3.19207317073171
3527,3.7967032967033
3541,3.53266331658291
3595,3.81066666666667
3600,3.66831683168317
3710,2.93333333333333
3849,3.81275720164609
3853,3.85167464114833
3860,2.91860465116279
3868,3.91780821917808
3976,3.77737226277372
4002,3.82231404958678
4022,3.46900269541779
4078,3.48192771084337
4087,3.62
4146,4.39772727272727
4188,3.78260869565217
4198,4.20348837209302
4254,3.72115384615385
4335,3.77007299270073
4341,3.56106870229008
4352,3.046875
4375,2.80084745762712
4517,3.01789709172259
4544,3.85451505016722
4549,3.35254237288136
4650,3.30479452054795
4697,3.90144230769231
4728,3.99728260869565
4800,3.13
4827,3.43111111111111
4856,3.15789473684211
4869,3.22177419354839
4895,3.93693693693694
4912,3.76050420168067
4944,3.61976047904192
5002,3.91538461538462
5031,2.78378378378378
5085,3.14194373401535
5182,3.8270202020202
5227,3.56515151515151
5238,3.55009451795841
5240,3.97058823529412
5285,3.53107344632768
5321,3.73493975903614
5459,3.59046849757674
5461,3.25502008032129
5475,4.33870967741935
5494,4.12
5552,3.71914893617021
5593,3.73529411764706
5706,3.21176470588235
5757,4.09745762711864
5829,2.97831325301205
5831,3.10544217687075
5917,3.08536585365854
5925,3.23454545454545
5954,3.77065527065527
5978,3.17219917012448
6018,2.79457364341085
6082,3.69480519480519
6119,3.19306930693069
6150,3.13117870722433
6227,3.95707070707071
6264,3.290273556231
6302,3.66666666666667
6323,3.54109589041096
6352,2.81094257854821
6362,3.98076923076923
6375,3.78571428571429
6385,4.1865671641791
6393,2.96367851622875
6400,3.20588235294118
6443,2.87900128040973
6449,3.5
6471,4.23863636363636
6477,3.52555910543131
6528,2.86585365853659
6532,3.68965517241379
6550,3.06306306306306
6571,3.2618025751073
6616,3.94755244755245
6625,3.69512195121951
6757,2.82675009777083
6758,3.496996996997
6785,3.88116591928251
6862,4.52158273381295
6946,4.12068965517241
6971,3.46836313617607
7088,3.89320388349515
7181,2.96590909090909
7195,3.61136363636364
7248,2.76666666666667
7252,3.83029612756264
7287,3.67295597484277
7315,3.07923076923077
7317,3.89506172839506
7354,3.65251572327044
7461,3.9227895392279
7587,3.0792220113852
7612,3.04107648725212
7635,3.9622641509434
7685,3.18075117370892
7704,3.35454545454545
7711,3.45343915343915
7727,3.73426573426573
7740,3.52281368821293
7743,2.64285714285714
7815,3.46992481203007
7849,3.01317715959004
7919,4.07456140350877
8041,3.42299794661191
8048,3.13808801213961
8094,3.64
8114,3.49872122762148
8127,3.53125
8148,3.54026845637584
8168,2.99220272904483
8194,3.23529411764706
8209,3.67032967032967
8216,4.23529411764706
8282,4.2
8423,2.98888888888889
8434,3.59375
8517,3.76229508196721
8584,3.98
8604,2.80880579010856
8610,3.16379310344828
8619,4.19230769230769
8621,3.69747899159664
8624,3.04395604395604
8642,3.52455357142857
8651,3.94160583941606
8683,3.33106060606061
8699,4.17361111111111
8701,3.50433526011561
8726,3.29787234042553
8740,3.83566878980892
8787,3.25235109717868
8824,3.5
8858,3.76315789473684
8881,3.30306905370844
8892,3.64066289409863
8893,2.84375
8905,3.35276073619632
8930,4.03851351351351
8970,3.55414012738854
8996,3.21864406779661
9029,3.6231884057971
9034,3.44444444444444
9060,3.97521982414069
9085,3.67647058823529
9117,3.22924648786718
9127,4.13071895424837
9134,3.78571428571429
9139,3.48169556840077
9177,3.49606299212598
9245,3.61654135338346
9277,3.82352941176471
9370,3.89572192513369
9411,3.85294117647059
9415,3.16808510638298
9470,3.82843137254902
9475,4.03191489361702
9522,3.91709314227226
9593,4.24626865671642
9595,3.37669801462905
9807,4.23202614379085
9889,2.95161290322581
10025,2.93720930232558
10058,2.91764705882353
10064,3.20588235294118
10084,3.72307692307692
10094,3.25280898876404
10125,3.175
10132,3.29381443298969
10154,3.81481481481481
10181,3.53478260869565
10191,3.9375
10200,3.17307692307692
10231,3.11538461538462
10272,4.11111111111111
10335,3.21875
10420,2.79237288135593
10476,2.75337837837838
10479,3.2741116751269
10516,3.58712613784135
10521,4.05333333333333
10563,3.85714285714286
10639,3.33333333333333
10652,3.1113074204947
10674,3.005444646098
10739,3.5748031496063
10783,3.77397260273973
10791,3.08432708688245
10844,4.4390243902439
10905,3.49033816425121
10931,3.73144876325088
10936,4.14615384615385
10986,3.065625
11032,4.4746963562753
11090,3.58582089552239
11114,3.18
11162,3.69823232323232
11188,3.54589371980676
11220,3.76976744186046
11228,3.71929824561404
11239,3.53986332574032
11240,3.60714285714286
11244,3.52946768060837
11255,3.91570881226054
11277,3.70224719101124
11338,3.50731707317073
11411,3.47292418772563
11420,3.67358490566038
11424,3.73
11451,4.69230769230769
11457,4.21428571428571
11510,3.4104609929078
11515,3.59251101321586
11554,3.8072625698324
11563,3.54032258064516
11569,3.5018315018315
11577,3.64705882352941
11613,3.33140655105973
11638,3.8489666136725
11728,3.46571428571429
11744,3.33666666666667
11758,2.96540880503145
11802,3.97644927536232
11809,3.90625
11810,2.5952380952381
11824,3.51702786377709
11825,3.61604938271605
11898,2.8956043956044
11912,3.95833333333333
11930,3.34682080924855
11937,3.91541353383459
12025,3.6594982078853
12028,3.44497607655502
12040,3.57281553398058
12046,3.78846153846154
12051,3.31043256997455
12056,3.27031802120141
12064,3.4920424403183
12126,3.88888888888889
12221,3.81632653061224
12259,4.11363636363636
12265,3.69329073482428
12272,3.52484472049689
12283,3.95132743362832
12296,3.48863636363636
12309,2.98121546961326
12313,3.7117903930131
12356,3.92857142857143
12428,3.53149606299213
12451,3.74516129032258
12458,3.7863436123348
12459,2.78125
12554,3.48798076923077
12563,3.64035087719298
12621,3.5586592178771
12622,3.93548387096774
12681,3.5679012345679
12759,2.74929178470255
12760,3.4047131147541
12818,4.2962962962963
12866,4.31884057971014
12888,2.71052631578947
12917,3.2877094972067
12921,4.21283783783784
12949,2.9337899543379
12986,3.70574162679426
13014,3.57674418604651
13029,2.99168975069252
13043,3.72834645669291
13048,3.94859813084112
13054,3.67123287671233
13056,3.98648648648649
13086,4.1195652173913
13159,4.01204819277108
13216,3.83191489361702
13222,4.09507042253521
13230,4.02083333333333
13233,3.61428571428571
13257,4.11111111111111
13266,2.86111111111111
13283,3.27743902439024
13318,3.63603818615752
13376,3.77966101694915
13397,4.04444444444444
13454,3.71428571428571
13472,3.12068965517241
13561,2.17441860465116
13595,3.72115384615385
13614,3.46198830409357
13656,3.97631578947368
13694,2.92642642642643
13701,3.72159090909091
13716,3.24913644214162
13748,3.75296442687747
13781,3.18870192307692
13815,3.0154958677686
13877,3.85416666666667
13890,3.84931506849315
13897,3.79411764705882
13914,3.71666666666667
13916,4.37261146496815
13937,3.92307692307692
13938,2.91348314606742
13970,4.58928571428571
14029,4.0679347826087
14070,3.60769230769231
14095,4.18954248366013
14099,3.3875
14171,3.75
14222,2.73717948717949
14246,3.29411764705882
14292,2.82352941176471
14323,3.78571428571429
14361,4.00709219858156
14421,3.91176470588235
14454,2.86384976525822
14465,4.1830985915493
14479,3.77659574468085
14498,3.34971098265896
14531,3.82236842105263
14570,2.76046511627907
14578,3.79545454545455
14598,4.55263157894737
14614,3.89310344827586
14648,3.18441064638783
14653,3.04040948275862
14679,2.8953125
14706,3.54440154440154
14709,3.33333333333333
14895,2.33867521367521
14910,4.20588235294118
14918,3.28270042194093
14946,3.72134387351779
14979,4.14285714285714
15061,3.41580310880829
15157,3.93243243243243
15168,2.90625
15178,3.19078947368421
15264,3.0686119873817
15311,2.81949152542373
15344,3.78092783505155
15399,3.45
15436,3.98913043478261
15437,3.59821428571429
15440,3.78861788617886
15558,2.87686139747995
15714,2.96227621483376
15715,3.32307692307692
15716,3.89047619047619
15722,3.60978147762747
15780,4.35
15783,3.16737288135593
15811,3.77360515021459
15816,3.4344262295082
15846,3.78896103896104
15853,4.29133858267717
15879,2.80555555555556
15896,3.62025316455696
15926,3.65
15974,3.795
16003,3.95021779713752
16004,3.21447368421053
16031,2.67796610169492
16039,3.82513661202186
16047,2.56666666666667
16103,3.52962962962963
16123,3.82291666666667
16133,3.79056603773585
16149,3.83663366336634
16168,3.65327380952381
16174,3.98344370860927
16206,4.02222222222222
16289,3.97183098591549
16295,3.72
16302,4.04901960784314
16321,3.49093444909344
16389,3.44474393530997
16419,3.75347222222222
16485,3.89024390243902
16574,3.91791044776119
16587,4.28977272727273
16591,3.22
16592,3.94444444444444
16610,3.0822102425876
16664,3.17472118959108
16677,3.5304347826087
16850,3.46420581655481
16862,3.65686274509804
16949,3.34126984126984
16983,3.06666666666667
16987,3.67307692307692
17205,3.70212765957447
17260,3.05111524163569
17307,3.73076923076923
17312,3.56375
17334,4.35294117647059
17363,3.87704918032787
17461,3.41666666666667
17463,2.72413793103448
17559,4.0
17597,4.16666666666667
17613,3.13108320251177
17623,3.57936507936508
17632,3.48369565217391
17647,3.5077519379845
17653,3.14566929133858
17688,3.52058823529412
17738,3.09375
17755,3.04010695187166
17813,3.60119047619048
17835,3.46709753231492
17854,3.18521341463415
17909,3.66478076379066
17924,3.95289855072464
17930,3.53305785123967
17946,3.7258064516129
17999,3.2844262295082
18015,3.46110325318246
18059,3.63246753246753
18075,3.746875
18082,3.93426294820717
18114,3.40822784810127
18161,3.51958762886598
18205,3.8019801980198
18206,3.54482071713147
18256,3.89847715736041
18293,3.34010840108401
18295,3.22573839662447
18304,3.91566265060241
18367,2.83739837398374
18379,3.30196078431373
18434,4.0625
18461,3.86666666666667
18506,3.35915492957746
18510,4.04322766570605
18600,3.61455108359133
18660,3.86641221374046
18666,3.57159904534606
18673,2.90432612312812
18678,3.4434628975265
18687,4.03825136612022
18718,3.54658385093168
18724,3.87339743589744
18742,3.57692307692308
18797,3.68014705882353
18802,3.55890603085554
18849,3.38235294117647
18853,3.38443935926773
18896,3.41935483870968
18946,3.72897196261682
18979,3.65625
18983,3.1169014084507
19018,4.36352657004831
19054,3.76315789473684
19066,3.32073170731707
19131,3.39862542955326
19164,3.83870967741935
19193,3.4250645994832
19306,3.24587458745875
19402,3.38961038961039
19475,3.48933333333333
19493,4.08974358974359
19519,3.21701388888889
19520,4.00454545454545
19532,3.65094339622642
19546,3.09727626459144
19562,4.31617647058824
19575,3.67142857142857
19587,3.84507501630789
19619,3.8494623655914
19668,3.57754010695187
19714,3.61688311688312
19741,3.00883392226148
19742,4.14776119402985
19783,3.45366795366795
19806,3.69565217391304
19820,3.14507772020725
19832,4.08666666666667
19838,3.81769436997319
19854,3.82558139534884
19864,3.33240740740741
19885,3.50151515151515
19899,3.62328767123288
19909,3.2243816254417
19923,3.43996062992126
19928,3.96650124069479
19933,3.79591836734694
19963,3.65384615384615
19982,3.94844632768362
19986,3.84210526315789
20025,3.51685393258427
20028,3.60174418604651
20081,3.29411764705882
20121,3.62948717948718
20144,4.1924882629108
20189,2.74137931034483
20226,3.35578747628084
20262,4.33606557377049
20263,3.51058631921824
20298,4.03034300791557
20348,3.81896551724138
20385,4.19277108433735
20391,4.08516483516483
20409,3.1
20435,3.71370967741935
20438,3.18330605564648
20492,3.73333333333333
20531,3.62658227848101
20554,3.96542553191489
20591,3.42696629213483
20606,3.52941176470588
20699,2.77361111111111
20709,3.82462686567164
20734,2.79411764705882
20758,3.87164750957854
20812,3.24492557510149
20832,4.55882352941176
20897,3.234375
20938,3.88014527845036
20974,3.76470588235294
21052,3.46969696969697
21055,3.82996632996633
21101,3.8953488372093
21171,3.72074468085106
21184,3.6294964028777
21188,3.62012987012987
21237,4.1219512195122
21244,3.68359375
21272,3.48076923076923
21277,4.07575757575758
21374,4.19753086419753
21439,3.30232558139535
21488,4.17741935483871
21513,4.34722222222222
21522,3.55817610062893
21523,4.33333333333333
21558,3.296875
21624,3.80444444444444
21655,4.02
21668,3.74468085106383
21672,3.26243455497382
21691,3.28488372093023
21693,3.33008658008658
21699,3.63492063492063
21708,3.10714285714286
21712,3.4506880733945
21767,3.63289962825279
21835,3.86211340206186
21838,4.10227272727273
21872,3.48417721518987
21947,3.00850077279753
22035,3.92619047619048
22061,3.59604519774011
22066,3.54624277456647
22125,3.62864721485411
22198,3.19299820466786
22206,3.16666666666667
22278,3.93824701195219
22371,3.69444444444444
22386,3.59285714285714
22453,2.82
22461,3.61206896551724
22479,3.09375
22609,3.21870604781997
22616,3.38530066815145
22701,3.77941176470588
22712,3.2455268389662
22723,3.61176470588235
22798,3.81818181818182
22815,3.08490566037736
22869,4.26724137931035
22872,2.8077731092437
22931,4.06896551724138
22936,3.46603260869565
22957,3.75790754257908
22961,3.16939890710383
23032,3.47430555555556
23087,3.34090909090909
23129,4.18421052631579
23172,3.18367346938776
23228,3.68618143459916
23260,3.27457627118644
23318,3.47555555555556
23360,3.60944206008584
23386,3.66477272727273
23388,2.42807424593968
23422,3.65377855887522
23423,3.81893004115226
23437,3.23281786941581
23473,3.625
23561,3.76635514018692
23581,3.26603575184017
23634,3.94508670520231
23647,3.76415094339623
23712,3.83823529411765
23717,4.06521739130435
23733,3.94451530612245
23753,3.64542483660131
23850,3.3140625
23858,3.29436705027256
23862,3.99561403508772
23865,3.62962962962963
23910,3.49565217391304
23947,3.50684931506849
23953,3.89473684210526
23988,3.332
24014,3.78571428571429
24026,3.63888888888889
24039,3.84892086330935
24072,4.53153153153153
24104,4.15714285714286
24132,3.17857142857143
24171,3.79679144385027
24221,3.13636363636364
24230,3.16109422492401
24231,4.056640625
24234,3.49025974025974
24240,3.12829525483304
24263,3.94292237442922
24386,3.38235294117647
24423,3.36842105263158
24476,3.47109826589595
24495,3.54733009708738
24515,3.62211221122112
24517,3.10683760683761
24560,3.40745192307692
24573,3.29899497487437
24592,3.31545064377682
24653,3.75174825174825
24668,2.76206896551724
24695,3.97079856972586
24708,3.35479041916168
24793,2.67112299465241
24885,3.64406779661017
24929,3.57440476190476
24954,3.78370786516854
25007,3.53345280764636
25038,2.96546310832025
25055,3.57516339869281
25097,3.39583333333333
25122,2.98
25197,3.46275071633238
25244,2.70175438596491
25248,3.52134146341463
25286,3.68807339449541
25359,3.27364864864865
25388,4.0
25408,3.7416918429003
25411,3.85277777777778
25412,3.67843631778058
25570,3.56741573033708
25649,3.41766467065868
25679,3.46889400921659
25686,3.58928571428571
25712,2.97692307692308
25723,3.68256130790191
25730,3.69127516778523
25752,3.4625
25801,3.64720812182741
25831,3.89393939393939
25867,4.01142857142857
25887,3.50486787204451
25889,2.95698924731183
25907,2.98403483309144
25913,4.21028037383178
25915,3.72222222222222
25976,3.90909090909091
26007,3.38284839203675
26048,3.95833333333333
26116,3.32933042212518
26136,4.51442307692308
26138,3.36134453781513
26152,3.87070707070707
26154,3.94736842105263
26242,3.46278755074425
26243,3.78723404255319
26316,3.40804597701149
26356,3.4375
26487,3.69333333333333
26528,3.58737151248164
26582,4.33333333333333
26589,3.75875486381323
26617,3.12315270935961
26624,3.26893939393939
26674,3.49764428739694
26692,3.69230769230769
26704,3.33333333333333
26733,3.36363636363636
26734,4.24264705882353
26738,3.94074074074074
26740,4.19565217391304
26765,3.825
26819,4.30769230769231
26873,3.13333333333333
26920,3.59519408502773
26964,3.50806451612903
26987,3.73125
27072,3.68243243243243
27089,3.5
27112,3.84090909090909
27115,3.66995073891626
27152,3.37685459940653
27164,3.54470486111111
27238,4.17741935483871
27297,4.82352941176471
27302,3.628
27306,3.16489361702128
27313,3.1638036809816
27350,4.17553191489362
27363,3.92987804878049
27464,3.46938775510204
27620,4.11111111111111
27626,3.71212121212121
27648,3.95762711864407
27662,3.32307692307692
27685,3.94342105263158
27713,3.53067484662577
27743,3.66447368421053
27773,3.76111111111111
27778,3.05639097744361
27935,4.1
27947,2.92405063291139
27951,3.68392370572207
28001,3.52894736842105
28039,3.57142857142857
28048,3.57894736842105
28082,3.15104166666667
28101,4.17708333333333
28105,2.80494505494505
28122,4.39371980676329
28129,2.97619047619048
28180,3.2
28199,4.2316384180791
28292,2.93333333333333
28299,3.19230769230769
28317,3.23589743589744
28342,4.18072289156626
28350,3.21533613445378
28384,3.32309941520468
28452,3.14229249011858
28492,3.93601895734597
28496,3.70681265206813
28508,3.40671641791045
28521,3.6781914893617
28581,3.60526315789474
28642,3.50934579439252
28645,3.35474308300395
28653,2.84615384615385
28665,2.91605596269154
28798,3.59803921568627
28830,4.25
28842,3.42105263157895
28855,3.12038073908175
28875,3.20877659574468
28962,3.11206896551724
29061,2.78152492668622
29202,2.51839926402944
29225,1.97058823529412
29343,3.85235920852359
29369,3.57674418604651
29401,3.61588541666667
29421,2.99446494464945
29435,3.83734939759036
29442,3.41141732283465
29501,3.27546296296296
29508,3.19105691056911
29538,3.08962264150943
29592,3.22302158273381
29616,3.70238095238095
29658,3.46613190730838
29680,3.74342105263158
29727,3.33333333333333
29801,3.484375
29892,3.19829110194461
29942,3.46302816901408
29947,3.81088082901554
29948,3.94660194174757
29985,3.75
30049,3.51515151515152
30139,3.41325301204819
30167,2.65995647442873
30174,3.20037453183521
30210,3.15432098765432
30225,3.20212765957447
30274,3.53186274509804
30275,3.89738805970149
30286,3.66792452830189
30465,2.89695550351288
30490,3.97674418604651
30491,4.24468085106383
30500,3.23205854579792
30547,3.28571428571429
30613,3.01745810055866
30627,3.34266409266409
30687,2.88560293443375
30836,3.95454545454545
30840,2.66508438818565
30846,3.3879173290938
30849,4.40384615384615
30864,3.34890426758939
30879,3.58191126279863
30886,3.69516129032258
30897,2.98995983935743
30938,3.75874125874126
30950,3.31670281995662
30972,3.68531468531469
30977,4.16824494949495
30980,3.73809523809524
31040,3.64814814814815
31088,3.69354838709677
31098,3.7
31104,3.09431524547804
31156,2.84375
31170,2.99621212121212
31175,3.52906976744186
31179,2.97267759562842
31193,3.40625
31209,3.86475409836066
31221,3.9014598540146
31296,3.42896174863388
31309,3.85714285714286
31317,4.15909090909091
31375,3.67090069284065
31468,3.25056818181818
31523,3.12041564792176
31682,3.42105263157895
31784,3.73135464231355
31786,2.9131455399061
31789,3.42335766423358
31813,3.3
31820,3.22335025380711
31854,3.46355353075171
31879,4.275
31911,3.75
31937,3.83916666666667
31949,3.8125
32011,3.86324786324786
32021,3.73622047244094
32031,3.95238095238095
32035,2.98076923076923
32195,3.96666666666667
32283,3.58
32293,3.71288209606987
32294,3.52464332036316
32299,3.03012048192771
32308,2.47953216374269
32357,3.70848708487085
32369,3.66481481481481
32406,3.72292993630573
32411,3.18112633181126
32412,3.88148148148148
32445,3.24411764705882
32508,3.5
32512,3.42338709677419
32521,3.27941176470588
32536,3.92824773413897
32538,3.25864453665284
32634,3.63604240282686
32656,3.9
32663,3.125
32736,3.37786259541985
32747,3.8202614379085
32791,3.2758875739645
32831,3.34
32861,3.66666666666667
32919,3.59448818897638
32931,2.86868686868687
32997,3.14788732394366
33008,3.98529411764706
33052,3.27871621621622
33126,3.7093023255814
33139,3.75171526586621
33141,4.08333333333333
33171,3.59090909090909
33202,3.2313829787234
33222,3.50925925925926
33238,3.51536643026005
33240,3.69230769230769
33251,4.06763925729443
33285,3.88676470588235
33349,3.43246541903987
33384,3.00247116968699
33477,2.26952624839949
33481,3.81578947368421
33522,4.18987341772152
33528,4.11054421768707
33577,3.53575615474795
33579,3.83163265306122
33764,3.83522727272727
33770,3.97674418604651
33780,3.56223628691983
33784,3.60295728368018
33797,4.18181818181818
33843,3.17391304347826
33866,2.67741935483871
33880,2.88531353135314
33943,3.9
33994,3.40458015267176
34101,3.68717948717949
34145,3.04040404040404
34157,3.03478260869565
34196,3.74110671936759
34197,2.62967914438503
34225,2.97411444141689
34226,2.97972972972973
34295,3.93165467625899
34329,3.33204633204633
34334,3.40860215053763
34368,3.86734693877551
34374,3.59375
34384,3.80588235294118
34405,3.46428571428571
34420,4.01003344481605
34579,3.65180722891566
34671,2.8051094890511
34680,3.14296187683284
34687,2.86010362694301
34704,3.69148936170213
34713,3.62745098039216
34740,3.80769230769231
34755,3.67845659163987
34765,3.72631578947368
34783,3.46670081967213
34796,3.71508379888268
34857,3.98127753303965
34881,4.01844262295082
34906,3.4017094017094
34958,3.84841628959276
35002,3.51298701298701
35051,3.08620689655172
35057,3.47368421052632
35069,3.21538461538462
35105,3.82969034608379
35141,3.9468085106383
35160,4.5
35211,3.09126984126984
35223,3.39887640449438
35272,3.74358974358974
35335,3.65789473684211
35345,3.44615384615385
35373,3.12153344208809
35408,3.49655172413793
35455,3.84023668639053
35461,3.2219152854512
35488,3.54377880184332
35530,3.27777777777778
35553,2.45652173913043
35568,3.57638888888889
35601,3.61258278145695
35622,3.77521613832853
35660,3.70487804878049
35665,3.48863636363636
35703,3.14634146341463
35779,3.40828025477707
35785,3.42783505154639
35814,2.73640661938534
35886,4.0859872611465
35899,3.56375838926175
36004,3.29166666666667
36049,3.96078431372549
36060,3.84102564102564
36063,3.63398692810458
36082,3.29333333333333
36151,4.09090909090909
36154,3.54109589041096
36243,3.64705882352941
36280,2.9
36286,4.1625
36292,4.01989389920424
36294,2.90794223826715
36306,4.065625
36347,3.24444444444444
36450,4.17578125
36495,3.6448087431694
36527,3.22727272727273
36538,3.70812182741117
36548,3.85714285714286
36553,3.65753424657534
36558,3.21378091872792
36559,3.99469964664311
36600,3.72549019607843
36619,3.43131868131868
36632,3.77672209026128
36655,3.5952380952381
36659,3.98019801980198
36663,4.0
36688,4.08536585365854
36719,3.36842105263158
36743,3.71223021582734
36784,2.66187050359712
36802,3.24133949191686
36803,4.3
36907,4.00641025641026
36931,2.95052083333333
36937,3.52403846153846
36969,3.46491228070175
37001,3.71428571428571
37025,2.90871369294606
37037,3.23881499395405
37098,3.0952380952381
37195,3.5875
37216,3.1632183908046
37217,3.61137440758294
37225,4.31578947368421
37321,3.96875
37419,3.26488706365503
37528,3.58620689655172
37568,3.45398351648352
37580,4.13157894736842
37713,2.91666666666667
37782,3.46363636363636
37786,3.89622641509434
37820,3.76428571428571
37857,3.23758865248227
37882,4.42222222222222
37899,3.72424242424242
37934,3.42083333333333
37957,3.52631578947368
37987,2.81168831168831
38047,3.6518691588785
38093,3.65957446808511
38111,3.925
38119,3.55625
38256,3.90625
38281,3.44866071428571
38340,2.92125984251969
38348,3.65472312703583
38373,3.58373983739837
38390,3.91729323308271
38396,4.17721518987342
38435,3.18333333333333
38437,2.45603907637655
38527,2.11248852157943
38646,3.53488372093023
38662,3.12303664921466
38664,3.17647058823529
38690,3.68941979522184
38722,3.07407407407407
38726,3.33014354066986
38740,2.94965277777778
38745,2.94886363636364
38765,3.84534534534535
38801,2.71926605504587
38854,3.875
38875,3.36636363636364
38882,3.41732283464567
38889,3.94230769230769
38914,3.41323529411765
38927,3.58450704225352
38934,3.78571428571429
39033,3.14161849710983
39047,3.54137931034483
39065,2.96192052980132
39082,3.63076923076923
39156,3.86627906976744
39177,3.3
39262,3.94262295081967
39272,3.91414141414141
39282,3.08159722222222
39320,2.85797101449275
39362,3.43076923076923
39390,3.7960088691796
39393,3.70430107526882
39463,3.47151898734177
39480,3.33832335329341
39513,3.59553571428571
39524,3.90247678018576
39594,4.21
39599,4.00694444444444
39607,3.0775
39608,3.56677524429967
39617,3.62393162393162
39677,2.94416243654822
39689,3.55090497737557
39746,3.08333333333333
39799,3.07184750733138
39803,3.97413793103448
39861,3.4112426035503
39897,4.08653846153846
39904,3.90123456790123
39935,4.36580086580087
39981,3.78197674418605
39985,3.67920353982301
40003,3.06909684439608
40033,4.25
40101,4.01515151515152
40136,3.77854671280277
40236,3.6
40260,3.29467084639498
40282,3.39285714285714
40284,3.88659793814433
40328,3.22950819672131
40375,3.88167938931298
40421,3.42532467532468
40456,3.3820179007323
40457,3.12878787878788
40465,3.20775623268698
40512,3.82098765432099
40648,4.10975609756098
40664,2.87677725118483
40703,4.23255813953488
40719,3.46969696969697
40737,3.49824868651489
40743,2.35416666666667
40810,3.39393939393939
40826,3.40483870967742
40827,3.7713567839196
40837,3.58228782287823
40855,3.26077586206897
40863,4.06666666666667
40872,3.35702614379085
40895,4.00320512820513
40930,3.95
41000,3.7101226993865
41027,3.48354430379747
41066,3.54182509505703
41103,2.74088541666667
41130,3.14437086092715
41154,3.74057788944724
41178,3.76777777777778
41201,3.74409448818898
41234,3.46054888507719
41258,3.14901960784314
41335,3.35407725321888
41391,3.89574645537948
41394,3.54057771664374
41443,3.36666666666667
41464,3.52665441176471
41468,3.86111111111111
41573,4.43975903614458
41622,4.1530612244898
41688,3.80882352941176
41726,3.75114155251142
41727,2.98308525033829
41740,4.31775700934579
41822,3.42913385826772
41838,3.28405797101449
41859,4.17041198501873
41946,3.71875
42054,3.2027027027027
42059,3.75352112676056
42104,3.7262118491921
42122,3.15361445783133
42154,2.88110964332893
42164,2.92890995260663
42201,3.13945578231292
42237,3.30132450331126
42337,3.07954545454545
42356,3.36111111111111
42411,4.08928571428571
42437,3.57142857142857
42445,2.38646288209607
42490,3.72457627118644
42551,3.54620462046205
42552,3.72435897435897
42582,3.64903846153846
42664,4.03629032258065
42688,3.03318250377074
42773,3.73774509803922
42789,3.57590759075908
42888,3.67567567567568
42908,3.70833333333333
42966,3.83524904214559
43004,3.28676470588235
43017,2.81638418079096
43102,4.28952380952381
43108,3.9922480620155
43113,2.97453703703704
43189,3.46572580645161
43205,3.70348837209302
43213,3.88308977035491
43281,3.22026887280248
43350,3.48648648648649
43353,3.60172413793103
43397,4.02272727272727
43449,3.78378378378378
43501,4.19047619047619
43527,3.58874458874459
43591,3.17125382262997
43603,3.44174757281553
43640,4.41891891891892
43699,3.49408284023669
43700,3.48333333333333
43706,3.4039039039039
43718,4.27380952380952
43726,3.26099210822999
43779,3.51339285714286
43797,3.97959183673469
43867,3.73333333333333
43883,3.5791015625
43948,3.31720430107527
43994,2.67424242424242
44038,2.78093076049943
44041,3.49003795066414
44068,3.04302670623145
44117,3.80338983050847
44129,3.32262051915946
44157,3.67301038062284
44264,2.66459627329193
44285,3.4251012145749
44287,3.16238767650834
44294,3.26065573770492
44297,3.50806451612903
44361,4.05685441020191
44404,3.80769230769231
44446,3.73280423280423
44485,3.48076923076923
44495,4.14606741573034
44567,3.17562380038388
44706,3.36229946524064
44730,3.33333333333333
44744,2.97826086956522
44847,3.95967741935484
45049,3.96496212121212
45050,3.40533980582524
45070,2.76532567049808
45120,3.85504885993485
45129,3.79676258992806
45187,3.73684210526316
45220,3.33406113537118
45236,3.9469696969697
45257,3.75256849315068
45277,3.62719298245614
45286,3.35975609756098
45290,2.95036764705882
45314,3.7156862745098
45356,3.3359375
45478,3.87563884156729
45583,3.59016393442623
45586,4.08490566037736
45642,3.21428571428571
45656,4.11904761904762
45881,3.52325581395349
45938,4.45161290322581
45987,3.13785557986871
46033,3.4656121045392
46085,3.57107023411371
46116,3.40384615384615
46126,3.6304347826087
46257,3.18781094527363
46272,3.44915254237288
46369,4.27702702702703
46407,4.31746031746032
46441,3.14676616915423
46449,4.02564102564103
46494,3.49731182795699
46523,3.75177304964539
46536,3.36700336700337
46586,3.88333333333333
46603,3.66605839416058
46624,3.45744680851064
46640,3.68589743589744
46641,3.61290322580645
46655,3.33732057416268
46656,3.68755595344673
46672,3.53100775193798
46695,3.28455882352941
46754,3.608
46762,3.92079207920792
46786,3.05823293172691
46804,3.52173913043478
46824,3.91666666666667
46840,4.09523809523809
46890,3.56850715746421
46964,3.68333333333333
46979,3.41780821917808
46985,3.53125
47002,3.45501730103806
47040,3.2671809256662
47065,3.15379581151832
47104,3.63071895424837
47165,3.40647482014389
47179,4.32635983263598
47249,3.22359154929577
47267,4.10119047619048
47302,3.24626865671642
47384,3.91304347826087
47398,4.17307692307692
47438,3.13126649076517
47448,3.46781115879828
47526,3.38829787234043
47592,3.67578125
47613,3.5702846975089
47677,4.03971962616822
47711,2.88735177865613
47717,3.86144578313253
47719,3.60169491525424
47768,3.79787234042553
47780,3.88888888888889
47800,3.62946428571429
47911,3.60532994923858
47933,4.13235294117647
47999,3.23765432098765
48006,3.39837398373984
48011,3.96794871794872
48038,4.63888888888889
48052,3.85964912280702
48076,3.61666666666667
48117,3.65217391304348
48128,3.96969696969697
48167,3.58527131782946
48280,2.59375
48290,2.95205479452055
48316,3.28915662650602
48326,3.10504201680672
48337,3.62925170068027
48357,4.10515873015873
48370,3.54305283757339
48395,4.625
48454,3.00697674418605
48506,3.38860103626943
48534,3.39446107784431
48641,4.13333333333333
48674,3.75
48717,3.22572314049587
48726,2.02298850574713
48743,3.49888888888889
48776,4.13068181818182
48802,3.55333333333333
48803,3.4
48856,2.83766233766234
48911,4.20238095238095
48919,3.57679738562092
48920,3.87765957446809
48933,3.34782608695652
49032,3.60344827586207
49065,3.66798418972332
49143,3.56857142857143
49148,4.37
49236,2.81711711711712
49265,3.22067039106145
49270,3.38719512195122
49308,3.7375
49334,3.70512820512821
49361,4.16666666666667
49365,3.83663366336634
49370,3.7910447761194
49383,3.32575757575758
49527,3.49912587412587
49582,2.96341463414634
49606,3.69741697416974
49626,3.91052631578947
49696,4.55263157894737
49838,3.84895833333333
49879,3.54301075268817
49913,4.02519893899204
49935,3.6038961038961
49996,3.81547619047619
50041,3.34501061571125
50156,4.23826291079812
50160,3.45906801007557
50265,3.22155411655874
50295,3.79738562091503
50324,3.86
50377,3.73728813559322
50383,4.00408719346049
50464,3.61904761904762
50510,2.32677165354331
50533,3.10182767624021
50543,3.48091133004926
50604,4.125
50606,3.40419947506562
50607,3.12365591397849
50670,4.16161616161616
50695,3.62168874172185
50733,3.39673913043478
50783,3.03614457831325
50818,4.2375
50846,3.21071428571429
50847,3.47916666666667
50888,3.64444444444444
50893,3.18162162162162
50949,3.93342776203966
50970,3.38013698630137
50992,3.37346221441125
51021,3.69402985074627
51025,3.68152866242038
51033,3.57396149949341
51045,3.71111111111111
51086,3.71794871794872
51167,4.14502164502164
51168,3.85789473684211
51191,3.98726114649682
51198,4.01851851851852
51213,3.98148148148148
51218,3.75974025974026
51230,3.01798561151079
51232,4.0316091954023
51284,3.84877126654064
51301,4.0241935483871
51333,4.26724137931035
51336,3.48430493273543
51361,4.16379310344828
51373,3.95894909688013
51378,3.92222222222222
51441,3.09013605442177
51448,4.02258064516129
51466,3.28395061728395
51494,3.64794007490637
51499,4.06560283687943
51527,4.1304347826087
51603,3.01785714285714
51615,3.97019867549669
51673,3.0638379204893
51687,3.44053398058252
51692,3.53424657534247
51699,3.47619047619048
51707,3.0699481865285
51761,2.72941176470588
51832,4.01948051948052
51901,2.73310810810811
51954,3.19268558951965
51972,3.33375
52000,3.61780821917808
52004,3.48030495552732
52021,4.2483660130719
52076,3.65086206896552
52129,2.80700778642937
52136,3.79964539007092
52147,3.74107142857143
52180,3.26666666666667
52235,3.72727272727273
52298,4.31981981981982
52305,3.21241830065359
52328,3.81959378733572
52364,3.90990990990991
52365,3.59580838323353
52379,4.048
52427,3.36754966887417
52459,3.24074074074074
52481,4.27678571428571
52510,3.4875
52572,3.67037037037037
52576,3.59598214285714
52580,3.37574552683897
52591,3.73376623376623
52592,3.38628762541806
52610,4.02495378927911
52648,4.11475409836066
52678,3.6008064516129
52707,4.25555555555556
52722,2.97428139183056
52751,3.97422680412371
52806,3.71476510067114
52827,3.28310502283105
52834,3.76597582037997
52870,3.875
52882,4.27380952380952
52906,3.64388489208633
52961,3.50271739130435
52983,3.7310405643739
53022,3.7741935483871
53042,3.72292993630573
53045,3.68718592964824
53059,3.53448275862069
53192,4.5
53241,3.47792494481236
53315,3.25794491525424
53379,3.22247706422018
53382,3.02255639097744
53429,4.18376068376068
53558,3.86708860759494
53565,2.83660130718954
53610,3.15294117647059
53667,2.375
53849,4.275
53859,3.83333333333333
53996,3.26351351351351
54017,3.41379310344828
54060,3.5
54066,3.98591549295775
54087,3.68181818181818
54113,3.82747933884298
54129,3.44
54142,3.40625
54152,3.05769230769231
54193,4.25
54217,2.85416666666667
54250,2.86666666666667
54262,4.0
54274,3.88028169014085
54316,3.87162162162162
54371,4.09708737864078
54376,3.6025641025641
54503,3.49230769230769
54528,4.0
54650,3.32424242424242
54716,3.48529411764706
54730,3.76008968609865
54767,3.12015503875969
54786,3.94366197183099
54817,3.62037037037037
54876,3.48991935483871
54980,2.95652173913043
55113,3.3
55124,4.72916666666667
55193,3.5
55197,3.57142857142857
55211,3.26744186046512
55236,3.74496644295302
55277,3.625
55280,3.11488095238095
55290,3.72058823529412
55315,3.29585798816568
55327,4.16666666666667
55403,3.30803571428571
55414,3.675
55468,3.70977917981073
55491,3.69905213270142
55560,3.73070017953321
55590,3.46761133603239
55620,3.04661016949153
55645,3.89024390243902
55699,2.76490066225166
55737,3.4140625
55762,3.73571428571429
55790,3.92567567567568
55840,2.75965909090909
55841,3.68292682926829
55865,3.48198198198198
55899,2.70714285714286
55909,4.46527777777778
55935,3.62987012987013
55936,3.7330383480826
55992,3.90441176470588
56016,3.82638888888889
56030,3.30518018018018
56044,3.69456066945607
56091,3.504662004662
56124,3.22268907563025
56147,3.94252873563218
56200,3.47058823529412
56281,3.9375
56345,3.64893617021277
56354,3.7810650887574
56472,3.96875
56535,2.97139451728248
56561,3.39055793991416
56596,3.61184210526316
56620,3.5111441307578
56669,3.84375
56686,4.11006289308176
56758,3.53157894736842
56811,3.13888888888889
56896,3.32066869300912
56915,2.82870864461046
56950,3.79310344827586
56959,3.28947368421053
57010,4.02145922746781
57018,2.86666666666667
57022,3.25
57035,3.98269230769231
57050,3.67543859649123
57082,2.76470588235294
57097,3.82283464566929
57120,3.55629139072848
57127,4.38775510204082
57138,3.98986486486486
57249,4.02045454545455
57274,3.95544554455446
57380,3.77
57420,2.84938271604938
57464,4.26724137931035
57475,3.01546391752577
57512,3.38418079096045
57606,4.02188552188552
57620,3.26388888888889
57637,3.02638888888889
57696,3.8134073441503
57782,3.96610169491525
57835,3.39561403508772
57912,3.88967136150235
57928,3.82162162162162
57973,3.5224358974359
57977,3.36633663366337
58001,3.60416666666667
58019,4.14130434782609
58087,3.615709014233
58089,3.05412371134021
58160,3.28957528957529
58174,3.81926121372032
58203,3.84715025906736
58417,3.07291666666667
58470,3.41134020618557
58554,3.60191082802548
58561,3.69874476987448
58567,4.22932330827068
58577,3.5
58600,4.05172413793103
58601,4.29545454545455
58604,3.44258373205742
58613,4.74761904761905
58657,3.32561728395062
58686,3.82608695652174
58693,4.20512820512821
58709,3.80945945945946
58747,3.28767123287671
58763,3.50380710659898
58842,3.88636363636364
58846,4.34579439252336
58895,3.38144329896907
59012,3.41025641025641
59050,2.91517857142857
59078,2.69295302013423
59082,3.1767955801105
59086,3.27810650887574
59092,3.23915816326531
59148,3.87378640776699
59165,3.6375
59182,4.06270096463023
59219,3.47443181818182
59299,3.80043859649123
59311,3.21327014218009
59327,3.44607843137255
59349,4.23529411764706
59355,3.44305555555556
59358,3.45614035087719
59389,3.20149253731343
59390,3.0912017167382
59401,3.9009900990099
59433,3.93877551020408
59444,3.98342541436464
59462,3.85806451612903
59468,3.3420365535248
59474,4.16129032258065
59496,2.38288288288288
59499,3.03058103975535
59527,3.77586206896552
59529,3.35920177383592
59557,3.80555555555556
59577,4.43692307692308
59677,3.93478260869565
59686,3.66893424036281
59708,3.7979797979798
59750,3.95940170940171
59771,3.55357142857143
59889,4.24528301886792
59894,3.85964912280702
59995,2.13333333333333
59999,4.57391304347826
60002,3.7093023255814
60051,4.14285714285714
60072,3.51809954751131
60158,3.61739130434783
60166,3.68840579710145
60170,3.55357142857143
60182,2.14705882352941
60190,3.43478260869565
60195,2.88522727272727
60229,3.77049180327869
60259,3.88356164383562
60296,3.65875370919881
60303,3.48760330578512
60307,3.09552845528455
60316,3.95056179775281
60319,3.07904085257549
60323,3.68674698795181
60325,3.46153846153846
60331,3.72780373831776
60334,2.28125
60374,3.34615384615385
60450,2.85714285714286
60510,4.06896551724138
60515,3.36363636363636
60556,3.26310483870968
60564,3.55084745762712
60661,2.77601410934744
60670,3.04741379310345
60692,3.84228187919463
60693,3.65924276169265
60713,3.1509324009324
60716,3.54610655737705
60798,3.87234042553191
60863,3.07575757575758
60890,3.54569892473118
60891,4.35374149659864
60901,3.16696113074205
60958,3.66483516483516
60963,3.20365535248042
60971,3.31786941580756
61020,4.04377104377104
61137,3.25581395348837
61235,3.20212765957447
61240,3.97802197802198
61352,3.4980694980695
61379,4.04032258064516
61381,3.58219178082192
61400,3.85
61436,3.28947368421053
61502,3.61805555555556
61544,3.97859922178988
61592,3.17647058823529
61674,4.03658536585366
61700,4.64285714285714
61805,3.17898832684825
61836,3.68817204301075
61869,2.9316163410302
61875,2.83848797250859
61878,2.47826086956522
61879,3.54166666666667
61910,3.45081967213115
61915,3.56441717791411
61968,3.57567567567568
61985,3.69209809264305
62012,3.89230769230769
62014,2.91618497109827
62042,3.48765432098765
62055,3.25576923076923
62091,3.28595890410959
62133,3.95833333333333
62141,4.04444444444444
62151,3.47164948453608
62252,4.11083743842365
62280,3.4
62319,3.35812356979405
62323,3.55532786885246
62332,2.70390926640927
62348,3.50332225913621
62354,3.8125
62394,3.06360946745562
62474,3.20403022670025
62547,3.74242424242424
62565,3.15737410071942
62572,3.72067901234568
62637,2.8063829787234
62686,3.58241758241758
62691,3.21604938271605
62787,3.484375
62795,3.55555555555556
62815,0.5
62819,3.46045197740113
62847,3.61654135338346
62857,4.04166666666667
62880,3.35624394966118
62974,3.74031007751938
63024,4.22916666666667
63060,3.33467741935484
63086,3.25641025641026
63198,3.53744493392071
63213,3.7843137254902
63347,2.33846153846154
63348,3.63235294117647
63375,3.44395280235988
63395,3.87272727272727
63405,3.59836065573771
63438,3.1489841986456
63458,3.6
63491,3.79310344827586
63542,2.80681818181818
63556,3.67603550295858
63578,3.84782608695652
63594,3.24841772151899
63631,3.42067307692308
63698,4.25714285714286
63717,4.26162790697674
63725,3.31227758007117
63729,3.37333333333333
63872,3.54166666666667
63873,3.77777777777778
63973,3.55882352941176
63991,3.81325301204819
64012,3.33203125
64063,3.60728346456693
64070,3.5625
64264,4.15625
64294,3.7218045112782
64344,3.68167202572347
64363,3.51699029126214
64364,2.45
64370,2.40560471976401
64411,3.35467349551857
64423,3.34765625
64472,3.56779661016949
64500,2.50423728813559
64515,3.69642857142857
64540,2.99132321041215
64560,3.45273631840796
64581,3.36175496688742
64587,4.26470588235294
64621,3.21937984496124
64642,3.29352941176471
64712,2.97058823529412
64821,3.58044806517312
64854,4.17857142857143
64886,3.93421052631579
64949,4.24137931034483
64969,3.91555555555556
65081,3.60470588235294
65135,3.51544117647059
65174,3.45569620253165
65279,3.38636363636364
65293,3.51385542168675
65298,3.96698113207547
65301,3.76960784313725
65308,3.16002612671457
65403,3.35300925925926
65436,3.23435722411832
65500,3.38695652173913
65523,3.5398322851153
65595,3.43617021276596
65647,4.14583333333333
65713,4.20359281437126
65805,3.8125
65851,3.26
65867,3.22935779816514
65869,3.94827586206897
65881,3.13398692810458
65905,3.56613756613757
65914,3.54195804195804
65932,3.76510067114094
66022,3.72043010752688
66063,4.4922480620155
66134,3.23809523809524
66149,4.30176991150443
66152,3.67073170731707
66164,4.11290322580645
66190,4.64102564102564
66207,3.01785714285714
66227,3.67924528301887
66328,3.76426426426426
66390,3.08366533864542
66406,3.11253196930946
66416,3.46444444444444
66457,3.69396551724138
66527,4.05555555555556
66532,3.64444444444444
66533,3.68421052631579
66541,2.99470899470899
66544,3.2844141069397
66553,3.68661971830986
66650,3.21875
66745,3.87387387387387
66770,3.10260586319218
66778,3.67824074074074
66784,2.99142857142857
66831,4.01388888888889
66892,3.51717171717172
66893,4.08279220779221
66902,4.30645161290323
66929,2.64925373134328
66968,3.91176470588235
66978,3.90909090909091
67010,4.30392156862745
67033,4.41
67042,3.51691729323308
67068,3.27197802197802
67171,2.96703296703297
67189,2.97308319738989
67199,3.35460992907801
67267,4.21703296703297
67303,3.62371134020619
67306,3.56427015250545
67325,4.0218818380744
67363,2.44914040114613
67401,3.88235294117647
67410,3.12135922330097
67488,3.42957746478873
67500,3.68243243243243
67538,3.89761092150171
67542,3.51968054763263
67594,3.78865979381443
67635,3.60670731707317
67666,3.82142857142857
67687,3.22822822822823
67756,3.40804597701149
67795,3.97435897435897
67840,4.55555555555556
67841,3.3936170212766
67901,3.82352941176471
67907,1.79411764705882
67920,1.69358669833729
67924,3.39906832298137
68044,4.08928571428571
68046,3.68918918918919
68087,4.21428571428571
68093,3.98098859315589
68117,4.38
68151,3.95402298850575
68163,3.51273885350318
68180,3.8416149068323
68228,3.03873873873874
68304,2.63397790055249
68393,4.11128526645768
68396,4.56666666666667
68424,3.45625
68441,2.85031847133758
68516,3.48504273504274
68523,3.66176470588235
68623,3.89130434782609
68637,3.28075253256151
68660,3.92424242424242
68722,3.39965397923875
68773,4.04838709677419
68810,2.48076923076923
68829,3.7974358974359
68864,3.71287128712871
68883,3.62272727272727
68899,3.03768115942029
68912,3.37241379310345
68934,3.7037037037037
68943,4.0
68947,4.39130434782609
68986,2.88653136531365
68988,3.50675675675676
68989,3.50471698113208
69002,4.1195652173913
69022,3.79838709677419
69043,4.21739130434783
69066,3.6687898089172
69068,3.05263157894737
69135,3.61985815602837
69153,2.9825918762089
69195,3.34493670886076
69213,3.27095375722543
69232,3.60849056603774
69245,3.9515306122449
69291,3.13235294117647
69341,3.26923076923077
69374,3.41292134831461
69378,3.87878787878788
69388,3.56262230919765
69393,3.24255952380952
69469,3.52657004830918
69504,3.22309899569584
69576,3.39012925969448
69590,4.09722222222222
69625,3.53183229813665
69668,3.46976744186047
69716,3.40131578947368
69719,3.62698412698413
69767,3.26333333333333
69805,3.72137404580153
69820,3.51732673267327
69866,3.0593849416755
69875,3.61162790697674
69891,3.58100558659218
70037,3.867
70062,3.78125
70078,3.39228295819936
70100,3.83333333333333
70102,3.35
70116,3.11028500619579
70120,3.87735849056604
70142,3.06944444444444
70188,3.40337078651685
70287,3.8780487804878
70299,4.00190114068441
70313,4.10434782608696
70331,3.55502717391304
70342,3.82673267326733
70362,3.77305475504323
70369,3.91666666666667
70374,3.69736842105263
70421,3.53846153846154
70485,2.99881235154394
70520,3.97311827956989
70525,3.6640625
70542,2.875
70560,2.80799220272904
70617,4.04755043227666
70623,3.88063063063063
70642,3.96078431372549
70698,3.19182389937107
70742,3.61071428571429
70743,3.3685141509434
70753,3.13298791018998
70760,3.8494623655914
70782,3.44588744588745
70789,4.03164556962025
70793,3.98333333333333
70806,3.44230769230769
70816,3.42553191489362
70878,3.43087557603687
70974,3.68324607329843
70981,3.40909090909091
71037,4.11313868613139
71052,4.2
71055,2.60617059891107
71107,3.41666666666667
71116,3.9375
71149,2.74698795180723
71278,3.938995215311
71287,3.29411764705882
71291,3.49797570850202
71307,3.68421052631579
71323,3.83333333333333
71331,3.43478260869565
71420,3.12162162162162
71478,3.72047244094488
71483,3.44594594594595
71487,3.76136363636364
71497,3.56417112299465
71509,3.36159169550173
71525,4.008038585209
71529,3.42
71534,4.1484375
